EUBOs, ELBOs, ESSs
-40240.6093597, -341062.248938, 1.01946133375
-357.242376709, -716.677618408, 1.04626690149
-329.614645386, -462.285415649, 1.08669246435
-327.569540405, -423.17857666, 1.13169584274
-295.972753906, -389.95802002, 1.15512381792
-335.610968018, -4574.75784912, 1.11318062544
-494.77743988, -9394.48491516, 1.13341840506
-244.832749939, -478.004452515, 1.15242023468
-248.12363739, -1032.79595337, 1.15287646055
-236.872517395, -721.24382019, 1.14448231459
-226.980154419, -530.534729004, 1.17834746838
-225.364463806, -447.375939941, 1.1938211441
-221.012954712, -426.43430481, 1.19884490967
-219.489692688, -370.189068604, 1.22056405544
-216.30690918, -384.260061646, 1.2117380619
-213.924777222, -338.378387451, 1.23807086945
-212.846057129, -336.235107422, 1.23959400654
-211.75761261, -313.562460327, 1.25682100058
-210.373843384, -314.222238159, 1.25496389866
-209.463647461, -306.183154297, 1.26911487579
-208.270210266, -297.036160278, 1.28541055918
-206.486253357, -287.013742065, 1.30368164778
-205.440905762, -282.867025757, 1.32380239964
-205.186479187, -275.141687012, 1.3370259285
-204.008267212, -274.729098511, 1.3505084157
-203.175410461, -266.878102112, 1.33427933455
-202.492678833, -261.95944519, 1.35861725807
-201.854734802, -258.692578125, 1.39119222164
-201.032957458, -253.280879211, 1.40023989677
-200.396235657, -249.785710144, 1.40226635933
-199.434506226, -246.798486328, 1.42058309317
-198.933261108, -244.2512146, 1.42718936205
-198.29402771, -239.838116455, 1.45108318329
-197.749266052, -238.067269897, 1.47124935389
-197.284605408, -235.41162262, 1.47684167624
-196.274497986, -233.345318604, 1.49008111954
-196.185169983, -232.388049316, 1.48937860727
-195.579890442, -230.525872803, 1.4971862793
-195.624554443, -229.757058716, 1.51277410984
-195.440524292, -229.28616333, 1.53650107384
-194.950193787, -228.472097778, 1.51807365417
-194.367256165, -227.646983337, 1.51544966698
-194.098890686, -227.619049072, 1.51903688908
-193.478399658, -226.675808716, 1.52839341164
-193.608305359, -226.409516907, 1.50962209702
-193.462483215, -226.366120911, 1.52090870142
-193.35133667, -226.373124695, 1.53220148087
-192.662113953, -225.987953186, 1.51786822081
-192.228556824, -225.264779663, 1.50503095388
-192.069573975, -225.109094238, 1.50910129547
-192.086433411, -224.631706238, 1.51369496584
-191.156486511, -223.81632843, 1.49332787991
-191.1802948, -224.435255432, 1.48512643576
-190.889263916, -223.805685425, 1.49088895321
-190.254800415, -223.679104614, 1.49092082977
-190.660821533, -223.672868347, 1.49290853739
-190.337705994, -223.601367187, 1.4831551075
-190.012449646, -223.098576355, 1.49417011738
-189.784542847, -223.124053955, 1.50036364794
-189.323484802, -223.09879303, 1.49672368765
-189.269351196, -222.881257629, 1.48720676899
-189.076068115, -223.169868469, 1.46728931665
-189.027217102, -222.84894104, 1.4806622386
-188.952046204, -222.952597046, 1.48547604084
-188.649017334, -222.467895508, 1.47867894173
-188.246487427, -222.221510315, 1.46631172895
-188.242500305, -222.057090759, 1.47039972544
-188.18968811, -221.98188324, 1.46892586946
-188.215696716, -222.111714172, 1.48196038008
-187.879832458, -221.603141785, 1.45295287371
-187.792463684, -221.469863892, 1.47090786695
-187.43911438, -222.021939087, 1.43922431469
-187.909922791, -221.901708984, 1.4681412816
-187.146490479, -221.582434082, 1.45630602837
-187.190567017, -222.071337891, 1.44855668545
-186.764555359, -221.628001404, 1.44181691408
-186.953820801, -221.413179016, 1.48149882555
-186.831791687, -220.620048523, 1.46004195213
-186.496647644, -221.001095581, 1.44348965883
-186.401089478, -220.735319519, 1.45841802359
-186.440046692, -220.872627258, 1.46468381882
-186.415567017, -220.406240845, 1.47922042608
-185.951747131, -220.193440247, 1.46995890141
-185.933126831, -220.008718872, 1.45914314985
-186.068995667, -220.502766418, 1.45906690359
-185.543637085, -219.703500366, 1.47034957409
-185.748544312, -219.931265259, 1.46731188297
-185.45912323, -219.641499329, 1.46480301619
-185.252110291, -220.273568726, 1.47072894573
-185.34710083, -220.246716309, 1.45680732727
-185.328988647, -219.769076538, 1.45695152283
-185.150785828, -219.228826904, 1.48537226915
-184.850866699, -219.622108459, 1.46309021711
-184.975086975, -218.879800415, 1.47912220955
-184.799395752, -218.942242432, 1.47737990618
-184.39294281, -218.693612671, 1.47130355835
-184.154426575, -218.422807312, 1.47595543861
-184.838537598, -218.55043335, 1.47696639299
-184.181939697, -218.077272034, 1.47963883877
-184.069657898, -217.867375183, 1.47795155048
-184.017207336, -217.817953491, 1.47403850555
-184.050398254, -217.509317017, 1.47617309093
-183.7118927, -217.603097534, 1.47517764568
-183.81449585, -217.391479492, 1.48538918495
-183.658323669, -217.431307983, 1.47650449276
-183.357402039, -216.858398438, 1.49146214724
-183.278166199, -216.533375549, 1.48536242247
-183.291880798, -216.986134338, 1.48458433151
-183.320976257, -216.472523499, 1.50130041838
-182.468563843, -215.894636536, 1.48865306377
-182.584666443, -215.642318726, 1.50163037777
-182.621340942, -215.460241699, 1.50298171043
-182.84200592, -215.638201904, 1.49371249676
-182.258129883, -215.748890686, 1.48385254145
-182.072624207, -215.053788757, 1.48712098598
-182.332377625, -215.766239929, 1.4966402173
-182.326287842, -215.511453247, 1.48182082176
-182.132061768, -214.838796997, 1.49575833082
-181.892292786, -214.911621094, 1.50192182064
-182.292384338, -214.767704773, 1.48674668074
-181.704356384, -214.306646729, 1.49136066437
-181.617752075, -213.933668518, 1.48890920877
-181.534776306, -213.835003662, 1.50310783386
-181.280610657, -213.57988739, 1.50127944946
-180.895619202, -213.535624695, 1.48680753708
-181.056300354, -213.641891479, 1.49269875288
-180.791152954, -213.38747406, 1.50111552477
-180.849980164, -213.215203857, 1.50331231356
-180.679374695, -213.089224243, 1.48061724901
-180.502409363, -212.716493225, 1.48726705313
-180.732479858, -212.80665741, 1.50228478909
-180.406134033, -212.257730103, 1.50074474812
-180.288096619, -212.580001831, 1.4849493742
-180.288278198, -211.797050476, 1.5068588376
-180.327352905, -212.311386108, 1.49903260469
-180.392677307, -211.907058716, 1.51160447598
-180.210784912, -211.837329102, 1.50583600998
-179.586212158, -211.147816467, 1.51218429804
-179.615603638, -210.858857727, 1.52585395575
-179.400169373, -211.256695557, 1.51651595831
-179.578405762, -210.92167511, 1.49297542572
-179.317141724, -210.602891541, 1.52173324823
-179.307859802, -210.366618347, 1.50897941589
-179.378009033, -210.671066284, 1.51334118843
-179.248898315, -210.004864502, 1.51281657219
-179.021182251, -209.995812988, 1.5155698657
-178.639672852, -210.007485962, 1.51563613415
-178.952775574, -209.879067993, 1.52847104073
-178.952964783, -209.507171631, 1.5264157176
-178.593763733, -209.220988464, 1.5116643548
-178.358135986, -209.572357178, 1.52327988148
-178.430276489, -209.18994751, 1.52448083162
-178.557116699, -208.542962646, 1.54563957453
-178.555838013, -208.805244446, 1.53545538187
-178.543675232, -209.410691833, 1.51208084822
-178.410852051, -208.790794373, 1.5428560853
-178.405496216, -208.90007019, 1.52145624161
-178.232397461, -208.868521118, 1.52903143167
-178.115281677, -208.812857056, 1.5400336504
-178.071238708, -208.691592407, 1.50583108664
-177.989129639, -208.095581055, 1.53616460562
-177.893013, -208.496000671, 1.53121806383
-177.536181641, -208.022096252, 1.54001382589
-177.733206177, -208.043788147, 1.53940192461
-177.657189941, -208.020257568, 1.52988044024
-177.653611755, -207.641433716, 1.55271393061
-177.75843811, -207.622659302, 1.53666001558
-177.376898193, -207.630696106, 1.53299232721
-177.510429382, -207.440618896, 1.55497934818
-177.500479126, -207.204750061, 1.56604050398
-177.477468872, -207.093016052, 1.55681760311
-177.227067566, -207.348960876, 1.52700270414
-177.593051147, -207.183174133, 1.54061448574
-176.920498657, -206.578686523, 1.5622464776
-177.338304138, -207.235562134, 1.53872275352
-176.970602417, -206.620053101, 1.56244189739
-177.172149658, -206.579473877, 1.5647439003
-176.917710876, -206.82341156, 1.56018738747
-176.746228027, -206.417906189, 1.53939640522
-176.872772217, -206.401947021, 1.56421462297
-176.589854431, -206.476748657, 1.5368352294
-176.840428162, -206.41089325, 1.53799710274
-177.172874451, -206.532069397, 1.54940910339
-176.734953308, -206.415921021, 1.5445573926
-176.593847656, -205.857731628, 1.56163698435
-176.381303406, -205.884014893, 1.55313956738
-176.447164917, -205.623954773, 1.56385920048
-176.482328796, -205.565594482, 1.58461897373
-176.254161072, -205.650564575, 1.56291861534
-176.596633911, -205.836769104, 1.54896826744
-176.134555054, -205.66391449, 1.53988479376
-176.40819397, -205.517184448, 1.56817523241
-175.970956421, -205.51608429, 1.55147625208
-175.944793701, -205.100737, 1.54859380722
-176.246044922, -205.230763245, 1.57565071583
-176.222372437, -205.5177948, 1.55341390371
-176.234402466, -205.110501099, 1.56605062485
-176.06416626, -204.808937073, 1.56683731079
-175.950726318, -205.102642822, 1.57591203451
-175.894960022, -204.974964905, 1.55457106829
-175.41897583, -204.126133728, 1.57397907972
-175.606115723, -204.379624939, 1.56409125328
-175.729547119, -203.948202515, 1.58845015764
-175.595429993, -204.872802734, 1.55434449911
-175.540745544, -204.618287659, 1.5697250843
-175.669296265, -204.564950562, 1.55523949862
-175.671643066, -204.658921814, 1.56615264416
-175.643328857, -204.44392395, 1.56045564413
-175.637052917, -204.833843994, 1.57720615864
-175.344961548, -203.890336609, 1.57696995735
-175.334164429, -203.576036072, 1.59717060328
-175.160862732, -203.839187622, 1.56964702606
-175.368708801, -203.936581421, 1.56258459091
-175.351182556, -203.478337097, 1.58879618645
-175.420462036, -204.203274536, 1.55803097486
-175.375448608, -203.775146484, 1.57014203072
-175.44145813, -203.598350525, 1.60646532774
-175.174810791, -203.7862854, 1.58070168495
-174.992353821, -203.405311584, 1.57683104277
-175.30160675, -203.476689148, 1.57913722992
-175.405560303, -203.082365417, 1.59276731014
-175.055059814, -203.45402832, 1.58988480568
-175.057542419, -203.378071594, 1.58328061104
-175.207907104, -203.210595703, 1.58271564245
-174.95586853, -203.028115845, 1.58994545937
-174.876034546, -202.738865662, 1.5825097084
-174.805300903, -202.814544678, 1.58889921904
-174.746409607, -203.01771698, 1.57608377934
-174.675389099, -202.81164856, 1.58109796047
-174.974980164, -202.819960022, 1.58385937214
-174.657510376, -202.847720337, 1.57578134537
-174.646484375, -202.529547119, 1.59590779543
-174.567991638, -202.498432922, 1.59292621613
-174.390653992, -202.367411804, 1.6051119566
-174.507341003, -202.391625977, 1.58811324835
-174.717730713, -202.467424011, 1.58710786104
-174.482249451, -202.292764282, 1.58395009041
-174.881565857, -203.04099884, 1.57674802542
-174.474307251, -202.218856812, 1.60569455624
-174.619036865, -202.348851013, 1.59023942947
-174.510049438, -202.304910278, 1.59443174601
-174.805862427, -202.398922729, 1.58811036348
-174.394880676, -202.457220459, 1.59490458965
-174.546133423, -202.320904541, 1.59650689363
-174.175126648, -201.974655151, 1.59574633837
-174.106869507, -201.835110474, 1.60286865234
-174.516438293, -202.096315002, 1.59960907698
-174.318354797, -202.454446411, 1.5776263833
-174.267405701, -201.652571106, 1.59973552227
-174.314668274, -202.180000305, 1.5910674572
-174.203326416, -202.100750732, 1.58731648922
-174.541407776, -201.858876038, 1.60163354874
-174.23473053, -201.536029053, 1.59897265434
-174.300268555, -201.688969421, 1.58660970926
-174.080947876, -202.216244507, 1.59375983477
-174.237458801, -201.614015198, 1.59129618406
-174.151054382, -201.960159302, 1.60266550779
-174.151043701, -201.823432922, 1.60580476522
-174.032804871, -201.532965088, 1.59097492695
-173.97155304, -201.380924988, 1.60109621286
-173.869850159, -201.151986694, 1.60750155449
-173.899768066, -201.191912842, 1.5962962985
-174.021258545, -201.291778564, 1.62483922243
-173.924835205, -201.388630676, 1.60766174793
-174.034655762, -201.625811768, 1.60632907152
-173.854960632, -201.377098083, 1.60558704138
-173.736485291, -201.129371643, 1.59793856144
-173.87794342, -201.243673706, 1.6112077117
-173.675033569, -200.950160217, 1.61204413176
-173.648356628, -200.831394958, 1.6082587719
-173.829806519, -201.346958923, 1.59006640911
-173.768161011, -200.806851196, 1.62440145016
-173.694320679, -200.585881042, 1.62236139774
-173.725439453, -201.015182495, 1.61725897789
-173.867884827, -200.884236145, 1.61605833769
-173.760450745, -200.550384521, 1.61272940636
-173.853744507, -201.10917511, 1.6158995986
-173.854167175, -200.851522827, 1.64029163122
-173.877255249, -200.684431458, 1.60511834621
-173.82862854, -201.081231689, 1.60338866711
-173.902529907, -200.945483398, 1.62137066126
-173.697966003, -201.038945007, 1.59330179691
-173.898474121, -200.974188232, 1.61128549576
-173.613420105, -200.438589478, 1.60820827484
-173.389237976, -200.188938904, 1.61498353481
-173.649047852, -200.530661011, 1.61267485619
-173.603846741, -200.609336853, 1.59228167534
-173.859596252, -200.85236969, 1.59527111053
-173.587677002, -200.668177795, 1.60041650534
-173.649528503, -200.488128662, 1.60423463583
-173.694625854, -200.468417358, 1.624386549
-173.69319458, -200.621186829, 1.62115588188
-173.258976746, -199.884277344, 1.60864500999
-173.310289001, -200.113192749, 1.61775450706
-173.511268616, -199.917510986, 1.62574769258
-173.367375183, -200.131544495, 1.61234660149
-173.437153625, -200.533221436, 1.60400089025
-173.364768982, -200.531739807, 1.61674034595
-173.290995789, -200.016555786, 1.61380558014
-173.561599731, -200.127563477, 1.62514833212
-173.468397522, -200.760227966, 1.60564059019
-173.420608521, -200.258718872, 1.63284265995
-173.413691711, -199.949822998, 1.62350680828
-173.373457336, -200.389276123, 1.62214841843
-173.347427368, -199.880758667, 1.62607597113
-173.139909363, -199.994329834, 1.63543778658
-173.060762024, -199.865985107, 1.62705402374
-173.31254425, -199.650424194, 1.64091970921
-173.272802734, -200.192956543, 1.60861343145
-173.49312439, -200.411740112, 1.61151567698
-173.554528809, -199.936787415, 1.61693638563
-173.225999451, -199.933760071, 1.62214366198
-173.164080811, -199.462850952, 1.64788467884
-173.40717926, -199.897302246, 1.61280891895
-173.522267151, -199.917529297, 1.62764487267
-173.382240295, -199.517799377, 1.62515031099
-173.056497192, -199.580644226, 1.62827608585
-173.367991638, -199.854838562, 1.61752370596
-173.166783142, -199.523280334, 1.62501809597
-173.101312256, -199.745178223, 1.62535227537
-173.189839172, -199.369075012, 1.63639377356
-173.474812317, -199.607247925, 1.62977230549
-173.115863037, -198.841529846, 1.6444819212
-173.315960693, -199.946507263, 1.63723452091
-173.101092529, -199.695018005, 1.62584906816
-172.845661926, -198.960534668, 1.63275234699
-173.424235535, -199.706480408, 1.63027130365
-173.183996582, -200.030595398, 1.62513561249
-173.143475342, -199.543869019, 1.6269613862
-173.359819031, -199.684243774, 1.6191652894
-173.037516785, -199.56572113, 1.61551009417
-173.170426941, -199.185392761, 1.64084652662
-173.300050354, -199.430517578, 1.64775838852
-172.969303894, -199.042997742, 1.64475642443
-172.977256775, -199.226647949, 1.63208009005
-172.947525024, -199.184231567, 1.62747443914
-172.860125732, -199.167782593, 1.638375175
-172.88212738, -199.254208374, 1.62823092937
-172.963563538, -199.278155518, 1.63559468985
-172.982389832, -199.382546997, 1.62479771376
-173.039738464, -199.081436157, 1.64159915447
-173.038969421, -198.980471802, 1.63642164469
-172.701002502, -198.914790344, 1.6480774641
-173.03759613, -199.280116272, 1.62911884785
-172.84229126, -198.995198059, 1.64061232805
-173.255703735, -199.478427124, 1.62983289957
-173.213945007, -199.264527893, 1.62883740664
-172.800166321, -199.089143372, 1.61241631508
-172.869004822, -199.033554077, 1.63925766945
-173.081463623, -199.05683136, 1.62705924511
-172.90952301, -198.935795593, 1.63980094194
-172.830960083, -198.930160522, 1.63502260447
-172.910653687, -199.49196167, 1.62502487898
-172.668026733, -199.093269348, 1.64070043564
-172.814674377, -199.00098114, 1.65118125677
-172.829058838, -198.806680298, 1.63246158361
-172.830212402, -198.74319458, 1.65743356943
-172.93324585, -198.569519043, 1.63775980473
-173.045825195, -198.480767822, 1.67664324045
-172.972645569, -198.675378418, 1.65327042341
-173.059840393, -198.73531189, 1.65007382631
-172.910771179, -199.015110779, 1.64347616434
-172.853694153, -198.899050903, 1.6365410924
-172.8462677, -199.101779175, 1.62157108784
-172.976850891, -198.982348633, 1.6268144846
-172.90178833, -198.984469604, 1.63313038349
-172.833839417, -198.931916809, 1.61973224878
-172.732098389, -198.405961609, 1.64779261351
-172.496208191, -198.395715332, 1.64583218098
-172.674740601, -198.770684814, 1.65767631531
-172.511630249, -198.820321655, 1.64106935263
-172.783468628, -198.796542358, 1.64753024578
-172.845811462, -198.593890381, 1.64208657742
-172.753227234, -198.48309021, 1.652970469
-172.51008606, -198.101547241, 1.67488621473
-172.514019775, -197.938459778, 1.66209634542
-172.525141907, -198.353639221, 1.64096851349
-172.624882507, -198.307928467, 1.64870965481
-172.666139221, -198.093475342, 1.65297803879
-172.850126648, -198.484825134, 1.6553016901
-172.637509155, -198.282658386, 1.65339394808
-172.73891449, -198.18477478, 1.64554288387
-172.403645325, -198.369667053, 1.65839443207
-172.465464783, -198.489225769, 1.65090553761
-173.019032288, -198.583401489, 1.66585179567
-172.73253479, -198.149493408, 1.6777425766
-172.730310059, -198.579641724, 1.66276079416
-172.586096191, -198.011558533, 1.6687738657
-172.502839661, -198.255326843, 1.64903231859
-172.794015503, -198.525421143, 1.66407911777
-172.645251465, -198.244458008, 1.66118152142
-172.61388855, -198.269874573, 1.67357199192
-172.47615509, -197.905131531, 1.65996522903
-172.404815674, -198.034671021, 1.6945047617
-172.633033752, -198.27820282, 1.67355166674
-172.398962402, -197.954289246, 1.66355068684
-172.606036377, -198.375543213, 1.65767921209
-172.464004517, -198.068556213, 1.63551343679
-172.569169617, -198.431477356, 1.64673080444
-172.830235291, -198.64241333, 1.67245573997
-172.858940125, -198.47509613, 1.64715156555
-172.476945496, -197.754478455, 1.67658077478
-172.349142456, -197.884918213, 1.66210001707
-172.197795105, -197.909968567, 1.66885854006
-172.493675232, -198.048045349, 1.65265544653
-172.208229065, -198.022160339, 1.65601667166
-172.699337769, -197.87303772, 1.66009192467
-172.226991272, -197.612750244, 1.66842952967
-172.458155823, -197.850613403, 1.68169056177
-172.594004822, -198.177171326, 1.65077528954
-172.455807495, -197.93454895, 1.66696687937
-172.397573853, -198.007487488, 1.63814637661
-172.769180298, -198.044999695, 1.66673728228
-172.314176941, -197.616342163, 1.68740919828
-172.159062195, -197.482807922, 1.69149729013
-172.43840332, -197.470092773, 1.68892831802
-172.526847839, -197.758035278, 1.68421005011
-172.164402771, -197.605796814, 1.66328858137
-172.49609375, -198.305377197, 1.6705612421
-172.396568298, -197.93302002, 1.66997104883
-172.087452698, -197.854867554, 1.65751358271
-172.630508423, -197.739834595, 1.68678050041
-172.251992798, -197.735203552, 1.65747519732
-172.323757935, -197.791523743, 1.66855503321
-172.093629456, -197.681085205, 1.66453074217
-172.470536804, -197.835948181, 1.67381464243
-172.11234436, -197.841442871, 1.65616488457
-172.265132141, -197.680715942, 1.66874719858
-172.338829041, -197.678538513, 1.67836748362
-172.094206238, -197.529037476, 1.66560045481
-172.300865173, -197.638421631, 1.67976408005
-172.069772339, -197.546925354, 1.68163825274
-172.527423096, -197.336894226, 1.6935367465
-172.258799744, -197.528622437, 1.67674289942
-172.171237183, -197.70606842, 1.66436418295
-172.368405151, -197.672369385, 1.66144943237
-172.386460876, -197.69165802, 1.66173419952
-172.311790466, -197.710392761, 1.66163246632
-172.145521545, -197.227149963, 1.66820497513
-171.958726501, -197.227658081, 1.67196851969
-172.298439026, -197.611959839, 1.68844809532
-172.335856628, -197.538078308, 1.68232675791
-172.343107605, -197.965766907, 1.63572869301
-172.184823608, -197.411209106, 1.6545083642
-172.113777161, -197.705383301, 1.65404462814
-172.419100952, -197.467492676, 1.67506914139
-172.131599426, -197.279962158, 1.66218855381
-172.270031738, -197.500924683, 1.67792319059
-172.212619019, -197.566340637, 1.66196045876
-172.253120422, -197.653417969, 1.67666139603
-172.078465271, -197.313725281, 1.68030216694
-172.164979553, -197.443734741, 1.68734943867
-172.20554657, -197.674468994, 1.67962702513
-172.094491577, -197.376777649, 1.68528314829
-172.245446777, -197.817228699, 1.66379691362
-172.209159851, -197.454455566, 1.66954188347
-172.247930908, -197.260665894, 1.67748020887
-172.182563782, -197.341395569, 1.6856877923
-172.112153625, -197.180604553, 1.6722979784
-172.032743835, -197.236669922, 1.67584894896
-172.03000946, -196.846972656, 1.68081902266
-172.118858337, -197.165045166, 1.68842186928
-171.939450073, -196.882359314, 1.67564741373
-172.193406677, -197.071090698, 1.70080156326
-172.056871033, -197.459344482, 1.67644280195
-172.003599548, -197.134965515, 1.67267258167
-172.171092224, -197.25766449, 1.67093297243
-171.844499207, -197.012164307, 1.68551726341
-172.189273071, -197.406813049, 1.68830119371
-171.7740448, -197.211375427, 1.66688367128
-172.117590332, -197.427807617, 1.70427422523
-172.058766174, -197.188909912, 1.68242089748
-171.752494812, -196.919189453, 1.68908878565
-172.101454163, -197.187579346, 1.67202277184
-172.121598816, -197.140953064, 1.67852900028
-172.24045105, -197.463485718, 1.68453264236
-171.892373657, -197.241079712, 1.67840241194
-172.13951416, -197.103935242, 1.68100875616
-172.102923584, -197.19082489, 1.68051702976
-172.05234375, -197.023478699, 1.682800138
-171.958314514, -196.969694519, 1.69867731333
-172.02660675, -197.013859558, 1.68557811975
-171.913607788, -196.790205383, 1.69062421322
-172.106381226, -197.339149475, 1.6923992157
-172.133192444, -196.993933105, 1.68921620846
-172.425968933, -197.254956055, 1.69507056475
-172.109004211, -196.905744934, 1.69465978146
-171.897123718, -196.899571228, 1.70808883905
-172.104168701, -197.420657349, 1.68120484352
-172.232003784, -197.01428833, 1.68575724363
-172.051080322, -196.740100098, 1.7074595809
-172.140644836, -197.440794373, 1.66036660671
-172.113580322, -197.231446838, 1.68910632133
-171.935317993, -197.029595947, 1.67215664387
-171.952786255, -196.559072876, 1.70568598509
-171.947615051, -196.798110962, 1.70785132647
-171.834967041, -196.415023804, 1.70027859211
-171.828684998, -196.876715088, 1.71385105848
-171.762640381, -196.832540894, 1.6816968441
-171.904324341, -196.890014648, 1.68822646141
-172.057003784, -196.879898071, 1.69311727285
-172.219110107, -196.909661865, 1.71153260469
-171.930867004, -197.014381409, 1.66729832888
-171.941889954, -196.545048523, 1.68910011053
-171.849223328, -196.874026489, 1.68491094112
-171.88712616, -196.740527344, 1.68950171471
-171.779348755, -196.623786926, 1.69951375723
-172.043647766, -196.840309143, 1.68833745718
-172.117811584, -196.462643433, 1.71479201317
-171.997579956, -196.681025696, 1.70103137493
-172.005187988, -196.724888611, 1.69438916445
-171.766246033, -196.481564331, 1.70710022449
-171.925733948, -196.253117371, 1.69978656769
-171.760383606, -196.477359009, 1.7162637949
-171.920567322, -196.828971863, 1.67284010649
-172.242681885, -197.192192078, 1.6698315382
-172.122944641, -196.762309265, 1.69126141071
-171.832914734, -196.718180847, 1.70049260855
-172.161071777, -196.758843994, 1.7083409667
-171.807292175, -196.520448303, 1.69076749086
-171.763438416, -196.497589111, 1.69573706388
-172.096604919, -196.937571716, 1.69243768454
-172.068360901, -196.838366699, 1.68438472748
-172.031681824, -196.602026367, 1.70585947037
-171.993641663, -196.594572449, 1.68893951178
-171.863175964, -196.614024353, 1.70612325668
-171.808227539, -196.570922852, 1.6938985467
-171.98120575, -196.66421814, 1.69480097294
-171.646858215, -196.316442871, 1.7140521884
-171.685664368, -196.35896759, 1.68545842171
-172.154682922, -196.744602966, 1.71461281776
-171.81804657, -196.509222412, 1.70237002373
-171.958773804, -196.470993042, 1.71017869711
-171.749105835, -196.438421631, 1.69705542326
-171.795046997, -196.90209198, 1.67702860832
-171.757354736, -196.905477905, 1.7040763855
-171.817710876, -196.423321533, 1.69812284708
-172.011988831, -196.377279663, 1.71593842506
-171.744195557, -196.509864807, 1.69046763182
-171.840516663, -196.610319519, 1.68289705515
-171.849572754, -196.445787048, 1.70092836618
-171.919534302, -196.453207397, 1.71861284971
-171.863296509, -196.45418396, 1.71394439936
-171.707273865, -196.513276672, 1.70488964319
-171.731634521, -196.410469055, 1.69777069092
-171.771815491, -195.938348389, 1.73351287842
-171.936001587, -196.439865112, 1.72994223833
-171.767344666, -196.223513794, 1.72021946907
-171.938235474, -196.397383118, 1.73292669058
-171.626211548, -196.127961731, 1.71043604612
-171.915924072, -196.508802795, 1.69421099424
-171.818392944, -196.285238647, 1.71201525927
-171.941854858, -196.597789001, 1.71689494848
-172.073384094, -196.483428955, 1.72330085039
-171.944024658, -196.573370361, 1.6926815033
-171.681938171, -196.542803955, 1.70050748587
-171.865202332, -196.833757019, 1.70047725439
-171.902723694, -196.976858521, 1.70351237059
-171.679356384, -196.282250977, 1.72228600979
-171.824745178, -196.357937622, 1.71620166302
-172.036360168, -196.223937988, 1.7198854208
-171.684307861, -196.041571045, 1.72002578974
-171.636769104, -196.037908936, 1.72577573061
-171.911286926, -196.787156677, 1.70277767181
-171.698680115, -196.174905396, 1.71639415026
-171.634469604, -196.257122803, 1.70196963549
-171.586726379, -196.179466248, 1.71471617222
-171.791191101, -195.991986084, 1.71716411114
-171.70098877, -196.083662415, 1.72882522345
-171.97335968, -196.210441589, 1.70068708658
-171.844587708, -196.362675476, 1.71455277205
-171.784368896, -196.032110596, 1.71282786131
-171.553193665, -195.876480103, 1.73112750053
-171.591162109, -196.040032959, 1.72038155794
-171.884350586, -196.365731812, 1.70761746168
-171.641798401, -196.160513306, 1.71728103161
-171.289778137, -196.179733276, 1.70873037577
-171.537506104, -195.93605957, 1.72468099594
-171.638278198, -196.078147888, 1.72114555836
-172.066864014, -196.149839783, 1.70632201433
-171.928378296, -196.647514343, 1.68812918663
-171.697421265, -196.366888428, 1.69941971302
-171.667552185, -196.353633118, 1.70382933617
-171.510371399, -196.402389526, 1.70355033875
-171.604972839, -195.926603699, 1.72635002136
-171.45629425, -196.147389221, 1.70815441608
-171.402479553, -196.115924072, 1.71615833044
-171.696427917, -196.087750244, 1.71543593407
-171.642694092, -196.290907288, 1.71288976669
-171.811877441, -196.274079895, 1.69278014898
-171.62323761, -196.14370575, 1.72652747631
-171.741101074, -195.871058655, 1.71792500019
-171.50801239, -195.89924469, 1.73633898497
-171.753215027, -195.757791138, 1.72627667189
-171.63447876, -196.10405426, 1.71859512329
-171.676759338, -195.95929718, 1.73404191732
-171.569139099, -195.916563416, 1.72762510777
-171.655938721, -195.884594727, 1.70964474678
-171.714985657, -196.205973816, 1.69803622961
-171.692041016, -195.754705811, 1.71706893444
-171.64352417, -196.171316528, 1.73185276985
-171.640623474, -196.167164612, 1.74868625402
-171.696315002, -196.034817505, 1.72277054787
-171.482467651, -195.997303772, 1.71966801882
-171.638919067, -195.815655518, 1.73463929892
-171.634385681, -196.009524536, 1.71338721514
-171.573965454, -195.727297974, 1.70830544233
-171.575726318, -196.079486084, 1.71369992495
-171.413737488, -195.524812317, 1.72838293314
-171.56728363, -195.902960205, 1.71606702805
-171.652508545, -196.186651611, 1.71563038826
-171.560443115, -195.644122314, 1.72950896025
-171.532479858, -195.781169128, 1.71836121082
-171.735107422, -195.858049011, 1.72943072319
-171.633717346, -195.836070251, 1.72276420593
-171.576652527, -195.976734924, 1.73861854076
-171.438322449, -195.899755859, 1.72880239487
-171.351528931, -195.791534424, 1.72880997658
-171.51849823, -195.832876587, 1.714554739
-171.4329422, -195.79780426, 1.71451987028
-171.479101563, -195.602380371, 1.70609812737
-171.495239258, -195.942547607, 1.70351425409
-171.82243042, -196.302326965, 1.71192635298
-171.649284363, -195.619207764, 1.74087635279
-171.594537354, -196.060169983, 1.72678302526
-171.596614075, -195.820573425, 1.72320309877
-171.53143158, -195.757807922, 1.73560550213
-171.636231995, -195.824668884, 1.7228946209
-171.353076172, -195.504432678, 1.73543615341
-171.675852966, -196.118026733, 1.71474308968
-171.678977966, -196.06177063, 1.73172050714
-171.667686462, -196.333717346, 1.69708198309
-171.681498718, -195.907748413, 1.72355155945
-171.623280334, -195.959767151, 1.70990023613
-171.215435791, -195.783914185, 1.71336780787
-171.440911865, -195.535488892, 1.74347884655
-171.468136597, -195.696897888, 1.71346639395
-171.595082092, -195.617857361, 1.72485935688
-171.475468445, -195.848986816, 1.71306768656
-171.470864868, -195.526251221, 1.71514338255
-171.492382813, -196.042233276, 1.71635732651
-171.511351013, -195.824577332, 1.71823241711
-171.596815491, -195.481817627, 1.72683566809
-171.555419922, -195.770959473, 1.71493945122
-171.526060486, -195.616567993, 1.72258331776
-171.576780701, -195.823728943, 1.73754720688
-171.488096619, -195.40247345, 1.74613637924
-171.697296143, -195.675779724, 1.71387979984
-171.59067688, -195.99642334, 1.73381705284
-171.321282959, -195.657640076, 1.73378512859
-171.486790466, -195.853213501, 1.72480888367
-171.651673889, -195.726431274, 1.70586643219
-171.674516296, -195.601589966, 1.74924081564
-171.490542603, -195.523599243, 1.70251621008
-171.495143127, -195.614601135, 1.72537922859
-171.484738159, -195.721334839, 1.70798591375
-171.554188538, -195.725616455, 1.73493772745
-171.578794861, -195.593971252, 1.72672872543
-171.440034485, -195.561170959, 1.73018761873
-171.374487305, -195.34367218, 1.73339464664
-171.630465698, -195.574542236, 1.73678280115
-171.26988678, -195.782667542, 1.7277990818
-171.689910889, -195.560998535, 1.73303916454
-171.456742859, -195.620672607, 1.73259361982
-171.600997925, -195.87273407, 1.7383648634
-171.467404175, -196.004753113, 1.71827523708
-171.289590454, -195.229768372, 1.73354408741
-171.166615295, -195.607513428, 1.72948209047
-171.326535034, -195.542558289, 1.73444567919
-171.355934143, -195.482644653, 1.73445295095
-171.585079956, -195.912036133, 1.73995318413
-171.444802856, -195.463691711, 1.75401252508
-171.415966797, -195.13502655, 1.75734647512
-171.311730957, -195.29577179, 1.74530845881
-171.478961182, -195.480180359, 1.73488823175
-171.241725159, -195.557945251, 1.7325109601
-171.31645813, -195.659529114, 1.74023679495
-171.331568909, -195.476914978, 1.73557853699
-171.200201416, -195.141673279, 1.74412187338
-171.469334412, -195.561503601, 1.7409378171
-171.403416443, -195.260476685, 1.74107148647
-171.454602051, -195.245300293, 1.74841425419
-171.308120728, -194.72403717, 1.75500663519
-171.444851685, -195.639382935, 1.71581187248
-171.482180786, -195.180157471, 1.7514985919
-171.500752258, -195.270793152, 1.76169769764
-171.41999054, -195.515164185, 1.74469282627
-171.322669983, -195.029402161, 1.7399708271
-171.466030884, -195.613650513, 1.72481107712
-171.526431274, -195.643173218, 1.71915253401
-171.484365845, -195.663587952, 1.75451756716
-171.374705505, -194.916827393, 1.74298126698
-171.463746643, -195.557618713, 1.74407678843
-171.41144104, -195.39728241, 1.74025150537
-171.215028381, -195.394839478, 1.72924393415
-171.421040344, -195.239198303, 1.72041685581
-171.519696045, -195.245294189, 1.72028343678
-171.314131165, -195.309109497, 1.74272379875
-171.186410522, -195.342681885, 1.74602506161
-171.267189026, -195.126200867, 1.75353400707
-171.302815247, -195.25213623, 1.75235460997
-171.253161621, -195.152015686, 1.73309060335
-171.273544312, -195.002319336, 1.76141021252
-171.608073425, -195.304214478, 1.74571783543
-171.325959778, -195.121409607, 1.76186767817
-171.336891174, -195.328631592, 1.7573266387
-171.359719849, -195.47749939, 1.73537175655
-171.391912842, -195.395976257, 1.75450603962
-171.334706116, -195.301290894, 1.72235058546
-171.343363953, -195.505462646, 1.74143921137
-171.351081848, -194.945535278, 1.76204735041
-171.277458191, -194.956181335, 1.77171111107
-171.286907959, -195.1050354, 1.73961408138
-171.376121521, -195.262315369, 1.75666581392
-171.279711914, -195.333668518, 1.7345236063
-171.30940094, -195.404798889, 1.73984223604
-171.419657898, -195.463581848, 1.74426832199
-171.163145447, -195.326342773, 1.74628083706
-171.225918579, -195.15831604, 1.75681304932
-171.20068512, -195.079911804, 1.75419356823
-171.0760849, -195.03223877, 1.76566066742
-171.170278931, -195.31927948, 1.73012903929
-171.312295532, -195.427955627, 1.75785278082
-171.40920105, -195.208055115, 1.7444185853
-171.410455322, -195.358349609, 1.75123724937
-171.219425964, -195.183410645, 1.72436276674
-171.294261169, -195.327076721, 1.73410863876
-171.25813446, -195.066415405, 1.7430803895
-171.168174744, -195.200009155, 1.75400383472
-171.391835022, -194.65945282, 1.75134519339
-171.550099182, -195.352059937, 1.75389000177
-171.339894104, -195.140141296, 1.73859653473
-171.298512268, -195.082427979, 1.76125380993
-171.423980713, -195.401991272, 1.73494756222
-171.230500793, -194.991400146, 1.76624546051
-171.292611694, -195.102827454, 1.75250518322
-171.466802979, -195.153713989, 1.75170519352
-171.257113647, -195.212561035, 1.76164910793
-171.426490784, -194.837702942, 1.77758321762
-171.310977173, -195.101078796, 1.7571711421
-171.169749451, -195.186630249, 1.73946349621
-171.346087646, -195.613049316, 1.72908223867
-171.470011902, -195.180787659, 1.76648057699
-171.351673889, -195.204959106, 1.74271451235
-171.286680603, -195.214031982, 1.75026903152
-171.393869019, -195.264234924, 1.74033334255
-171.312898254, -195.322195435, 1.75439956188
-171.139198303, -194.835188293, 1.75028281212
-171.034963989, -194.624525452, 1.76256519556
-171.143188477, -194.9931427, 1.75185236931
-171.252523804, -194.872827148, 1.74210671186
-171.42800293, -195.1510849, 1.74366606474
-171.327490234, -195.161598206, 1.74395246506
-171.198770142, -194.875436401, 1.75123599768
-171.372619629, -195.577900696, 1.72905833721
-171.272026062, -195.078771973, 1.72932121754
-171.440765381, -195.496629333, 1.71806076765
-171.449008179, -195.387443542, 1.72883312702
-171.298234558, -194.958097839, 1.7570412159
-171.093257141, -194.975411987, 1.76626162529
-171.038409424, -194.917640686, 1.74855881929
-171.203909302, -195.314315796, 1.72878608704
-170.997798157, -194.972964478, 1.76192413568
-171.367945862, -195.216648865, 1.74660228491
-171.43197937, -195.185430908, 1.7621792078
-171.150469971, -195.048213196, 1.74692524672
-171.244244385, -195.312510681, 1.76117962599
-171.064697266, -194.695477295, 1.77946602106
-171.00234375, -194.729315186, 1.78014913797
-171.040512085, -194.839691162, 1.77052681446
-171.295495605, -195.012110901, 1.73748384714
-170.866819763, -194.972647095, 1.77124097347
-171.016304016, -195.001312256, 1.75299218893
-171.19420166, -195.271604919, 1.73541579247
-170.957556152, -194.855384827, 1.75854259729
-171.167375183, -194.841548157, 1.77293184996
-170.987994385, -195.335806274, 1.75869795084
-171.352842712, -195.228833008, 1.74451797009
-171.215324402, -195.077835083, 1.75197615623
-171.332521057, -194.967721558, 1.73718863726
-171.191459656, -194.760681152, 1.77090073824
-171.281086731, -194.850054932, 1.76361979246
-170.982775879, -194.971131897, 1.75882947445
-170.972599792, -194.551885986, 1.76667015553
-171.33152771, -195.04491272, 1.75099166632
-171.196035767, -194.881570435, 1.75416016579
-171.146868896, -194.894520569, 1.76472373009
-171.181593323, -194.631602478, 1.75344027281
-171.124339294, -194.955732727, 1.76867451668
-171.112557983, -194.922528076, 1.751874125
-171.097000122, -194.979598999, 1.74938930273
-171.229719543, -194.738745117, 1.7596750021
-171.052391052, -194.617756653, 1.76697515249
-171.072454834, -195.051956177, 1.75431718826
-170.859364319, -194.788305664, 1.76220171452
-171.422093201, -194.798416138, 1.77240796089
-171.042256165, -194.898069763, 1.75466829538
-171.156347656, -194.959764099, 1.74787312746
-171.308744812, -194.82011261, 1.75848639011
-171.182650757, -194.931736755, 1.74165737629
-171.076017761, -195.053607178, 1.74076735973
-171.130674744, -194.685638428, 1.77650957108
-170.945097351, -194.829431152, 1.75930453539
-171.052674866, -194.720837402, 1.76759300232
-171.223820496, -194.997990417, 1.74126372337
-171.09450531, -194.712477112, 1.7558377862
-171.054302979, -194.467903137, 1.76228954792
-170.915634155, -194.478178406, 1.77727421522
-171.156925964, -194.395837402, 1.7780172348
-170.986380005, -194.323864746, 1.80203619003
-170.959422302, -194.330770874, 1.76756027937
-171.223725891, -194.487619019, 1.76854708195
-171.499711609, -195.107868958, 1.74117611647
-171.120202637, -194.798492432, 1.77347896099
-171.203970337, -195.120050049, 1.78738977909
-171.045515442, -194.88996582, 1.77222033739
-170.856648254, -194.429385376, 1.76736904383
-170.878843689, -194.404832458, 1.77442344427
-170.899760437, -194.509179687, 1.76974930763
-171.126242065, -194.670031738, 1.74206954241
-171.173194885, -195.044795227, 1.75123696327
-171.335810852, -194.90305481, 1.76016917229
-171.366853333, -195.151342773, 1.7500275135
-171.102874756, -194.73742218, 1.7801068902
-171.221246338, -194.786705017, 1.75806812048
-171.057835388, -194.409765625, 1.75936721563
-171.283299255, -194.770292664, 1.75146842003
-171.137413025, -194.681478882, 1.77058264017
-171.175248718, -194.649020386, 1.75840551853
-171.01789856, -194.493829346, 1.77067319155
-171.024259949, -194.893440247, 1.75253961086
-171.255856323, -194.780567932, 1.75089355707
-170.993096924, -194.934246826, 1.75447146893
-171.069882202, -194.637324524, 1.7419577837
-171.074963379, -194.576965332, 1.76187577248
-171.140692139, -194.518444824, 1.76835995913
-171.326670837, -195.150744629, 1.75407117605
-171.271852112, -194.688523865, 1.75655530691
-171.060733032, -194.855355835, 1.72559380531
-170.859143066, -194.710346985, 1.76107168198
-171.276953125, -194.453361511, 1.75928125381
-171.175805664, -194.935604858, 1.76445226669
-170.987663269, -194.541392517, 1.76898678541
-171.237063599, -194.731578064, 1.77445232868
-171.191740417, -194.558543396, 1.7686819911
-171.022517395, -194.370246887, 1.76024740934
-170.990921021, -194.622102356, 1.7440662384
-170.995680237, -194.763291931, 1.76311606169
-171.100671387, -194.83225708, 1.76045244932
-171.005363464, -194.329624939, 1.78106827736
-170.994818115, -194.547901917, 1.76449483633
-171.027149963, -194.309896851, 1.7861571908
-170.99980011, -194.381233215, 1.77182933092
-170.872927856, -194.61131134, 1.77562440634
-170.960876465, -194.833616638, 1.79269353151
-171.266656494, -194.831010437, 1.76088432074
-171.011671448, -194.292416382, 1.7944137454
-171.02297821, -194.493492126, 1.77101873159
-170.984292603, -194.57722168, 1.77048239708
-171.218687439, -194.601121521, 1.76882727146
-171.091178894, -194.879519653, 1.7756421566
-170.783100891, -194.431858826, 1.79044189453
-171.02726593, -194.386708069, 1.79715120792
-171.066746521, -194.533900452, 1.76156753302
-170.878773499, -194.598101807, 1.76871371269
-171.249111938, -194.7837677, 1.77147175074
-171.111930847, -194.843199158, 1.7383996129
-171.120773315, -194.643560791, 1.7624479413
-171.095671082, -194.518569946, 1.7455560565
-171.054219055, -194.846458435, 1.75832636356
-171.18949585, -194.7735672, 1.73901033401
-171.206393433, -194.812341309, 1.76582216024
-171.191639709, -194.731037903, 1.77056831121
-171.355207825, -194.904380798, 1.75372064114
-171.016859436, -194.454949951, 1.78692073822
-170.866130066, -194.550521851, 1.77749192715
-171.049227905, -194.583415222, 1.77439649105
-171.328222656, -194.703205872, 1.75311250687
-170.834130859, -194.317405701, 1.77251638174
-171.314558411, -194.703213501, 1.76992938519
-171.105064392, -194.511375427, 1.75299254656
-171.02371521, -194.415844727, 1.76726357937
-171.106263733, -194.684538269, 1.73653283119
-171.075544739, -194.592904663, 1.76615507603
-170.905708313, -194.409190369, 1.78111280203
-171.063780212, -194.709011841, 1.76857253313
-170.864468384, -194.38828125, 1.78338894844
-170.930738831, -194.088401794, 1.79310112
-170.862103271, -194.770483398, 1.758296597
-170.947239685, -194.678793335, 1.74166457653
-170.789884949, -194.588043213, 1.73703404665
-171.084849548, -194.581152344, 1.78030104637
-171.141825867, -194.671652222, 1.77179552317
-171.094418335, -194.565776062, 1.75964803696
-171.060426331, -194.704862976, 1.76649193764
-170.860258484, -194.311619568, 1.77685754299
-171.338519287, -194.532301331, 1.76320910454
-170.658485413, -194.460723877, 1.76864299774
-170.905172729, -194.38236084, 1.7657181859
-170.935473633, -194.306576538, 1.7520586133
-171.143563843, -194.839982605, 1.76864475012
-171.011734009, -194.40632782, 1.77093094587
-171.048840332, -194.589051819, 1.77166466713
-171.007287598, -194.799711609, 1.76311525106
-170.911917114, -194.486074829, 1.7662326932
-171.168495178, -194.267070007, 1.80283316374
-170.968339539, -194.739880371, 1.76978379488
-170.961590576, -194.281483459, 1.76288490295
-170.943151855, -194.318556213, 1.77996356487
-171.043479919, -194.561776733, 1.76228808165
-171.072254944, -194.388841248, 1.7807158947
-170.766984558, -194.172868347, 1.76944067478
-170.778990173, -194.188157654, 1.7792353034
-170.930670166, -193.90206604, 1.78989108801
-170.785072327, -194.427238464, 1.76522219181
-171.058294678, -194.558778381, 1.78959957361
-170.825738525, -194.302319336, 1.78121716976
-171.092956543, -194.480944824, 1.77217460871
-170.790838623, -194.181399536, 1.762503016
-170.763945007, -193.810925293, 1.77957257032
-170.917149353, -194.379933167, 1.78916386366
-171.029518127, -194.314277649, 1.80129556656
-170.938508606, -194.109750366, 1.77356024981
-170.951898193, -194.482312012, 1.75831557512
-171.015872192, -194.371166992, 1.79452543259
-170.906843567, -194.519233704, 1.79872246981
-170.940776062, -194.283480835, 1.80085738897
-170.823475647, -194.290272522, 1.76494640112
-171.001937866, -194.463024902, 1.77637676001
-170.767623901, -194.200361633, 1.76910707951
-171.14430542, -194.41232605, 1.79467595816
-171.058625793, -194.258377075, 1.77734144926
-170.993643188, -194.379820251, 1.77935056686
-170.584005737, -193.945246887, 1.75930927992
-170.937963867, -194.235083008, 1.79513117075
-170.892350769, -194.642741394, 1.77502373457
-170.910466003, -194.281370544, 1.77124277353
-170.972033691, -194.464649963, 1.77674655914
-171.010386658, -194.210467529, 1.78531398773
-171.171975708, -194.364508057, 1.77986479998
-171.065802002, -194.482450867, 1.78482549191
-170.936006165, -194.332023621, 1.78395687342
-171.042358398, -194.539804077, 1.78313473463
-171.053440857, -194.695092773, 1.77562969923
-171.074290466, -194.095623779, 1.77281739712
-170.859146118, -194.361108398, 1.76204823256
-170.974046326, -194.502323914, 1.76190246344
-170.884671021, -194.208865356, 1.79790251255
-170.804983521, -194.481846619, 1.77347444296
-170.96111145, -194.272753906, 1.78419566154
-170.718733215, -194.218952942, 1.76942689419
-170.980395508, -194.144929504, 1.77329813242
-170.926609802, -194.0609375, 1.77644716501
-170.956217957, -194.49644165, 1.76776922941
-170.803521729, -194.077589417, 1.78992971182
-170.691912842, -194.109391785, 1.76876965761
-170.908190918, -194.371244812, 1.78232120275
-170.832522583, -194.197558594, 1.77641867399
-170.717655945, -194.381417847, 1.75160690546
-170.825466919, -194.144523621, 1.78051011562
-170.917326355, -194.524214172, 1.76305305958
-170.646383667, -194.029826355, 1.77189834118
-170.649781799, -194.081283569, 1.74995918274
-170.735838318, -194.24861145, 1.77235889435
-171.035331726, -194.464959717, 1.78067774773
-171.064491272, -194.150262451, 1.78515361547
-170.838938904, -194.232446289, 1.78734240532
-170.806811523, -194.116389465, 1.78455202579
-170.89894104, -194.061923218, 1.7850353241
-170.993164062, -194.032569885, 1.78788573742
-171.014228821, -194.303007507, 1.76924591064
-170.996554565, -194.207543945, 1.78190745115
-170.781230164, -194.492196655, 1.75297720432
-170.900671387, -194.056361389, 1.78806010485
-170.919168091, -194.031547546, 1.78824435472
-170.622848511, -193.925003052, 1.79607918262
-170.944142151, -193.800205994, 1.78536434174
-170.954248047, -194.383586121, 1.79243069887
-170.831437683, -194.266793823, 1.78228223324
-170.583309937, -193.973510742, 1.7823933363
-170.905436707, -194.488685608, 1.77482190132
-170.972529602, -194.080860901, 1.78543504477
-170.701153564, -193.863746643, 1.78806205988
-170.770690918, -194.37297821, 1.75691568851
-171.156349182, -194.515180969, 1.78861697912
-170.739440918, -193.83399353, 1.78537530899
-170.778924561, -193.745968628, 1.80425095558
-171.142849731, -194.461360168, 1.80211350918
-171.165144348, -194.103260803, 1.79765307903
-170.828039551, -194.487055969, 1.76213634014
-170.738998413, -194.138865662, 1.77112190723
-170.859486389, -194.252911377, 1.77033141851
-170.973649597, -194.135881042, 1.80080999136
-171.167103577, -194.359434509, 1.80755646229
-170.686575317, -194.265480042, 1.78227601051
-170.933093262, -193.878652954, 1.80538412333
-170.865087891, -193.775271606, 1.79783498049
-170.768188477, -194.090818787, 1.78343580961
-170.70670929, -194.121235657, 1.7973841548
-170.818759155, -194.256079102, 1.76647446156
-170.77661438, -194.129971313, 1.80140399933
-170.846969604, -194.297731018, 1.7738161087
-170.831912231, -194.138180542, 1.79429837465
-170.82598114, -194.010379028, 1.79582481384
-170.753819275, -194.514353943, 1.76557143927
-170.975679016, -194.139416504, 1.79591032267
-170.621011353, -194.22046051, 1.76568847895
-170.993766785, -194.085058594, 1.78618605137
-170.955789185, -194.615206909, 1.76897420883
-171.014247131, -193.91872406, 1.79698284864
-170.943000793, -194.414497375, 1.7783677578
-170.687696838, -194.208390808, 1.77568284273
-170.852407837, -194.12664032, 1.76922963858
-170.586331177, -194.232501221, 1.78155072927
-170.66985321, -193.852304077, 1.80096434355
-170.592419434, -193.993228149, 1.80111287832
-170.933834839, -194.194876099, 1.76587100029
-170.97227478, -194.54677887, 1.73235461712
-171.05287323, -194.330305481, 1.7618060112
-170.572363281, -194.155108643, 1.76909120083
-170.741661072, -194.122097778, 1.80088152885
-170.74699707, -194.342698669, 1.78347676992
-170.942124939, -193.843778992, 1.78952807188
-170.807270813, -193.986613464, 1.78217657804
-171.019502258, -194.327526855, 1.78712793589
-170.778411865, -194.182626343, 1.79071780443
-170.489807129, -193.779846191, 1.78221271038
-170.88348999, -194.104508972, 1.7781750083
-170.882307434, -193.941786194, 1.79609466791
-170.96815033, -194.170648193, 1.79155460596
-170.850892639, -193.916783142, 1.78263682127
-170.729820251, -193.819049072, 1.77054288387
-170.80123291, -193.998097229, 1.80407572985
-170.762461853, -194.043670654, 1.79306235313
-170.865406799, -194.114080811, 1.79197952747
-170.914616394, -193.757542419, 1.78421640396
-170.956199646, -193.929718018, 1.80153537989
-170.837609863, -193.93835907, 1.80220713615
-170.885490417, -194.267134094, 1.76444702148
-170.576008606, -193.780458069, 1.79075386524
-170.856665039, -194.042384338, 1.78418554068
-170.750502014, -194.016783142, 1.79841467142
-170.897618103, -194.1385849, 1.79384070635
-170.92099762, -194.128479004, 1.77709163427
-171.11817627, -194.347932434, 1.76680989265
-170.962753296, -194.221452332, 1.80023988485
-170.882827759, -194.130293274, 1.80280319452
-170.615686035, -193.886886597, 1.79774144888
-170.631976318, -193.898873901, 1.79068819284
-170.541421509, -193.537533569, 1.7977030158
-170.856703186, -194.115000916, 1.78892513514
-170.898530579, -193.890675354, 1.78071513176
-170.532800293, -193.694425964, 1.80429862738
-170.780310059, -193.646697998, 1.8012996912
-170.322192383, -193.685812378, 1.78794163465
-170.65983429, -193.6229599, 1.80880012512
-170.572766113, -193.701403809, 1.79202234745
-170.872584534, -193.882998657, 1.80828254223
-170.84190979, -193.836151123, 1.80350894928
-170.820332336, -193.998449707, 1.80697017908
-170.7277771, -194.089135742, 1.77255257368
-170.744436646, -193.940112305, 1.79548974037
-170.734951782, -193.815184021, 1.7984921217
-170.640827942, -193.976789856, 1.80082572699
-170.924868774, -193.955726624, 1.77063442469
-170.850343323, -194.137652588, 1.78713390827
-170.769023132, -193.998425293, 1.79787484407
-170.640753174, -193.929652405, 1.79052139521
-170.819258118, -193.772518921, 1.80832659006
-170.916757202, -193.839128113, 1.79131673574
-170.901251221, -193.747076416, 1.80715833902
-170.782498169, -193.701089478, 1.79650278091
-170.721969604, -193.963452148, 1.78338315487
-171.016860962, -193.929962158, 1.79852663279
-170.660321045, -194.004963684, 1.7839504838
-170.817008972, -193.721820068, 1.80291997194
-170.77979126, -193.903562927, 1.80885356665
-170.814929199, -193.871751404, 1.80525918007
-170.682450867, -193.504795837, 1.80226668119
-170.679600525, -193.849664307, 1.79524502754
-170.755368042, -194.249369812, 1.79715980291
-170.862834167, -194.002255249, 1.78229931593
-170.941595459, -194.16237793, 1.77359542847
-170.696772766, -193.720689392, 1.80911474228
-170.60683136, -193.551612854, 1.81671432257
-170.897773743, -194.040086365, 1.79496216774
-170.770570374, -193.894342041, 1.79613438845
-170.631585693, -194.166889954, 1.77665506601
-170.742446899, -193.941537476, 1.80510479212
-170.627474976, -193.672122192, 1.7960033536
-170.929072571, -193.826051331, 1.8152146697
-170.739006042, -193.640437317, 1.82577182055
-170.783430481, -193.705990601, 1.82253245115
-170.758798218, -193.805966187, 1.80323210955
-170.959715271, -193.790081787, 1.81806185246
-170.63536377, -193.905458069, 1.80390985012
-170.502226257, -193.725917053, 1.79884558916
-170.671876526, -193.887402344, 1.77815116644
-170.792173767, -193.77093811, 1.8129229784
-170.571720886, -193.935098267, 1.79339654446
-170.753408813, -193.650091553, 1.81728241444
-171.006233215, -194.011538696, 1.79275324345
-170.678034973, -193.749899292, 1.78933925629
-170.6728302, -193.721458435, 1.81796808243
-170.668275452, -193.701612854, 1.785983181
-170.548457336, -193.922244263, 1.78106491566
-170.627461243, -193.884953308, 1.77943370342
-170.759596252, -193.634933472, 1.79028991461
-170.75927887, -193.847174072, 1.79242175817
-170.736361694, -193.70211792, 1.79848912954
-170.630834961, -193.913937378, 1.77800371647
-170.783924866, -193.766520691, 1.80401823521
-170.580587769, -194.143792725, 1.76504921913
-170.82253418, -193.58631897, 1.82340511084
-170.578462219, -193.399620056, 1.81342190504
-170.635287476, -193.739414978, 1.80212093592
-170.912930298, -193.903569031, 1.79366024733
-170.464099121, -193.555709839, 1.81015666723
-170.695915222, -193.686038208, 1.78190413713
-170.867985535, -193.824940491, 1.78489201069
-170.729244995, -193.636634827, 1.78356679678
-170.619740295, -193.800666809, 1.78525799513
-170.580235291, -193.984970093, 1.78678302765
-170.734533691, -193.5881073, 1.8337684989
-170.751861572, -193.715975952, 1.81788936853
-170.681881714, -193.775370789, 1.798969841
-170.63624115, -193.524113464, 1.79483078718
-170.518310547, -193.723963928, 1.78728154898
-170.602807617, -193.937854004, 1.81359490156
-170.526477051, -193.46158905, 1.79283534288
-170.807173157, -194.11993103, 1.76856156588
-170.677752686, -193.718795776, 1.7831923008
-170.53991394, -193.507904053, 1.79505317211
-170.787705994, -194.095556641, 1.79429636002
-170.945697021, -194.100086975, 1.80656840801
-170.762734985, -193.813560486, 1.79620530605
-170.865504456, -193.908848572, 1.79311176538
-170.707841492, -193.592967224, 1.79371300936
-170.610319519, -193.578302002, 1.78506538868
-170.608506775, -193.888943481, 1.80130256414
-170.805241394, -193.890412903, 1.8030903101
-170.590957642, -193.846107483, 1.812426126
-170.63770752, -193.511454773, 1.81716449261
-170.693870544, -193.792601013, 1.79451247454
-170.774230957, -193.85696106, 1.79535052776
-170.822798157, -193.759805298, 1.80698940754
-170.94387207, -194.028884888, 1.77067719698
-170.527851868, -194.069248962, 1.7835593462
-170.610043335, -193.832679749, 1.78328303099
-170.60002594, -193.75098877, 1.80561130047
-170.656376648, -193.659046936, 1.80549935102
-170.517329407, -193.653178406, 1.80270712376
-170.59861145, -193.54414978, 1.83539865017
-170.583366394, -193.519006348, 1.7874905467
-170.684017944, -193.949604797, 1.80445746183
-170.407528687, -193.571014404, 1.81573024988
-170.59283905, -193.737518311, 1.80555977821
-170.822438049, -193.817556763, 1.79928346872
-170.826783752, -193.800030518, 1.79098888636
-170.581291199, -193.847790527, 1.79574656487
-170.772657776, -193.664622498, 1.80378068686
-170.86812439, -193.852987671, 1.82220985889
-170.913247681, -194.054031372, 1.78925354481
-170.75537262, -193.581124878, 1.79834176302
-170.721270752, -193.596876526, 1.8124909997
-170.759004211, -193.763293457, 1.79028322697
-170.736779785, -193.804376221, 1.80397627354
-170.674919128, -193.786947632, 1.79836615324
-170.500991821, -193.732461548, 1.79829530716
-170.742530823, -193.88934021, 1.80151529312
-170.767224121, -193.586341858, 1.78020060062
-170.609796143, -193.404388428, 1.79941295385
-170.601029968, -193.541642761, 1.79449851513
-170.730639648, -193.613160706, 1.81018931866
-170.641401672, -193.778266907, 1.78480814695
-170.570913696, -193.337481689, 1.81529937983
-170.546104431, -193.815473938, 1.80803229809
-170.748875427, -193.839054871, 1.81046510935
-170.631401062, -193.834455872, 1.80904152393
-170.668075562, -193.89161377, 1.79694287777
-170.662327576, -193.628504944, 1.7970386982
-170.843545532, -193.933709717, 1.76920822859
-170.547602844, -193.623144531, 1.78832429647
-170.516366577, -193.881524658, 1.78567432165
-170.549069214, -193.70927124, 1.78669453859
-170.756335449, -193.742483521, 1.7954543829
-170.757168579, -193.607084656, 1.82014536858
-170.795062256, -193.868688965, 1.7881906867
-170.514234924, -193.629855347, 1.79788997173
-170.549145508, -193.607661438, 1.81281734705
-170.748886108, -193.935949707, 1.79596750736
-170.713414001, -193.56506958, 1.80395845175
-170.498735046, -193.464022827, 1.80436681509
-170.661741638, -193.803604126, 1.81617285013
-170.787457275, -193.484362793, 1.82922216654
-170.604078674, -193.566874695, 1.79855031967
-170.654243469, -193.741120911, 1.79337319136
-170.579898071, -193.242303467, 1.82621392012
-170.725978088, -193.861567688, 1.78702136278
-170.321366882, -193.718161011, 1.79092512131
-170.55201416, -193.579919434, 1.82825437784
-170.56186676, -193.407365417, 1.81766192913
-170.617538452, -193.667102051, 1.80294810534
-170.686610413, -193.463421631, 1.80468469858
-170.635614014, -193.386160278, 1.80860309601
-170.737770081, -193.661717224, 1.79371217489
-170.682475281, -193.490255737, 1.81281734705
-170.546289062, -193.567672729, 1.79956437349
-170.48387146, -193.641311646, 1.78649568558
-170.42333374, -193.319526672, 1.8090135932
-170.461102295, -193.445635986, 1.81230787039
-170.36940918, -193.391946411, 1.80683020353
-170.981750488, -193.786109924, 1.79735833406
-170.55536499, -193.703967285, 1.81079033613
-170.698751831, -193.949040222, 1.79233649969
-170.49495697, -193.264115906, 1.80739051104
-170.532241821, -193.519976807, 1.81296702623
-170.566770935, -193.349389648, 1.80772461891
-170.696936035, -193.689924622, 1.80320460796
-170.746150208, -193.680892944, 1.79849625826
-170.638796997, -193.742735291, 1.78450196981
-170.464068604, -193.528240967, 1.80927977562
-170.532409668, -193.470500183, 1.7983371377
-170.440872192, -193.157223511, 1.81562942266
-170.74803009, -193.652241516, 1.82688949108
-170.71268158, -193.726568604, 1.83531068563
-170.467904663, -193.325720215, 1.81080563068
-170.541381836, -193.345111084, 1.81963281631
-170.559912109, -193.950907898, 1.79069639444
-170.811891174, -193.517451477, 1.81188977957
-171.033132935, -193.639378357, 1.81772300005
-170.742443848, -193.590296936, 1.78303081989
-170.728613281, -193.873905945, 1.78845200539
-170.548554993, -193.61953125, 1.790368402
-170.575128174, -193.521905518, 1.80279321671
-170.868800354, -193.648092651, 1.81283308268
-170.580735779, -193.268263245, 1.8137339592
-170.40275116, -193.255451965, 1.84005870819
-170.781512451, -193.584968567, 1.81513495445
-170.664924622, -193.634658813, 1.83041911125
-170.516854858, -193.570330811, 1.81401200294
-170.587811279, -193.429084778, 1.80890461206
-170.609118652, -193.581582642, 1.78962261677
-170.563316345, -193.633525085, 1.8042149663
-170.631257629, -193.60997467, 1.83183774948
-170.608572388, -192.996087646, 1.81733528376
-170.557711792, -193.413420105, 1.81818225384
-170.703938293, -194.020649719, 1.8011110425
-170.586773682, -193.398370361, 1.81267660856
-170.352458191, -193.160562134, 1.83604077101
-170.412709045, -193.052044678, 1.82875773907
-170.576005554, -193.318504333, 1.8252153039
-170.780938721, -193.790997314, 1.79372352362
-170.726014709, -193.557861328, 1.8223845005
-170.696150208, -193.448930359, 1.81996896267
-170.502511597, -193.495832825, 1.80279289484
-170.664854431, -193.537153625, 1.82723762989
-170.734431458, -193.564759827, 1.81911376715
-170.458081055, -193.514846802, 1.8139359951
-170.484934998, -193.659907532, 1.81610002518
-170.534469604, -193.340220642, 1.82868540287
-170.659402466, -193.541439819, 1.82044078112
-170.574029541, -193.695591736, 1.82512630224
-170.644766235, -193.843212891, 1.81843557358
-170.492176819, -193.499035645, 1.81705868244
-170.55135498, -193.611882019, 1.81592614651
-170.684642029, -193.522732544, 1.81440228224
-170.747093201, -193.50080719, 1.80370384455
-170.57885437, -193.412251282, 1.82478871346
-170.562771606, -193.583781433, 1.80696256161
-170.307655334, -193.74956665, 1.80497086048
-170.544198608, -193.391271973, 1.82160186768
-170.493147278, -193.683091736, 1.81712645292
-170.691259766, -193.588670349, 1.80317043066
-170.531488037, -193.593580627, 1.81613932848
-170.584860229, -193.401690674, 1.83083814383
-170.73469696, -193.446456909, 1.81424322128
-170.698907471, -193.177903748, 1.83832999468
-170.418537903, -193.48052063, 1.80779100657
-170.651010132, -193.630932617, 1.82084517479
-170.684579468, -193.717533875, 1.81374605894
-170.768443298, -193.76947937, 1.79302117825
-170.818968201, -193.544520569, 1.81837476492
-170.451434326, -193.250660706, 1.81430301666
-170.532846069, -193.60019989, 1.81313295364
-170.795750427, -193.682556152, 1.83004010916
-170.403874207, -193.07409668, 1.81879339218
-170.650491333, -193.521192932, 1.81785036325
-170.413722229, -193.334182739, 1.81307624578
-170.626712036, -193.231410217, 1.83083875179
-170.655938721, -193.360758972, 1.8132551074
-170.601437378, -193.367056274, 1.81367377043
-170.524394226, -193.888395691, 1.79550061226
-170.500297546, -193.591542053, 1.81134904623
-170.554164124, -193.430349731, 1.78831254244
-170.551445007, -193.532824707, 1.81351451874
-170.4954422, -193.094822693, 1.82360197306
-170.605749512, -193.466986084, 1.81347924471
-170.682800293, -193.26184845, 1.83833825588
-170.56476593, -193.192570496, 1.82552424669
-170.565176392, -193.412980652, 1.8090462327
-170.662451172, -193.569706726, 1.79763147831
-170.716052246, -193.690518188, 1.80249334574
-170.440962219, -193.388539124, 1.82832301855
-170.43276062, -193.109089661, 1.82818747759
-170.433135986, -193.356761169, 1.80254004002
-170.607945251, -193.202406311, 1.84736903906
-170.586062622, -193.39821167, 1.82650885582
-170.77003479, -193.383392334, 1.83231123686
-170.523658752, -193.10925293, 1.80921401978
-170.70030365, -193.042022705, 1.83847570419
-170.646388245, -193.486904907, 1.80825024843
-170.58855896, -193.278102112, 1.80367614031
-170.44299469, -193.261993408, 1.82450586557
-170.620046997, -193.047325134, 1.83659442663
-170.470269775, -193.189247131, 1.85485873222
-170.500048828, -193.452000427, 1.81779042482
-170.631710815, -193.522085571, 1.81502367258
-170.647601318, -193.727149963, 1.83029866219
-170.385630798, -193.116671753, 1.81368428469
-170.727145386, -193.418708801, 1.82797118425
-170.55758667, -193.427648926, 1.79633542299
-170.480526733, -193.323646545, 1.80480973721
-170.422950745, -192.924893188, 1.82187696695
-170.428700256, -193.507940674, 1.80769826174
-170.437301636, -193.275627136, 1.80403552055
-170.496017456, -193.288833618, 1.80086495876
-170.572372437, -193.346943665, 1.81608006954
-170.566648865, -192.8795578, 1.83982956409
-170.489804077, -193.290649414, 1.81245656013
-170.747433472, -193.266488647, 1.80863113403
-170.760113525, -193.115994263, 1.81341209412
-170.595213318, -192.928456116, 1.83306102753
-170.344755554, -193.276249695, 1.82733272314
-170.323968506, -193.408950806, 1.8258120656
-170.663542175, -193.434585571, 1.83534548283
-170.45806427, -193.43812561, 1.81043101549
-170.501266479, -193.155299377, 1.84624508619
-170.376312256, -193.228384399, 1.8403829813
-170.337971497, -193.162718201, 1.82431167364
-170.472148132, -193.352636719, 1.8384996891
-170.697872925, -193.628173828, 1.81373007298
-170.645843506, -193.575245667, 1.81095573902
-170.498312378, -193.595619202, 1.7999729991
-170.562005615, -193.535398865, 1.80451370478
-170.375210571, -193.085501099, 1.80675578117
-170.566947937, -193.297273254, 1.81758905649
-170.672720337, -193.312495422, 1.80374785662
-170.460220337, -193.178010559, 1.83604614735
-170.368547058, -193.326873779, 1.80937833786
-170.361700439, -193.267541504, 1.82557560205
-170.432688904, -193.244433594, 1.82798116207
-170.35138855, -193.420059204, 1.80226889849
-170.488009644, -193.222322083, 1.84918220043
-170.572808838, -193.342355347, 1.82283256054
-170.612327576, -193.048947144, 1.82713620663
-170.608688354, -193.182182312, 1.83320126534
-170.334217834, -193.176089478, 1.8307995677
-170.136550903, -193.285255432, 1.81966164112
-170.513761902, -193.364865112, 1.81326225996
-170.523713684, -193.249240112, 1.7953158617
-170.473039246, -193.507791138, 1.80458958149
-170.253822327, -192.942147827, 1.8245677948
-170.723989868, -193.299769592, 1.83455802202
-170.562347412, -193.401849365, 1.82522325516
-170.648861694, -193.7068573, 1.82453527451
-170.477952576, -193.391749573, 1.81948210001
-170.439822388, -193.20735321, 1.81813219786
-170.703283691, -193.336659241, 1.80755097866
-170.599673462, -193.568896484, 1.83409727812
-170.704930115, -193.425706482, 1.79497506618
-170.297172546, -193.223806763, 1.8265614748
-170.293261719, -193.308369446, 1.84362919331
-170.271820068, -193.251098633, 1.82427911758
-170.402445984, -193.22580719, 1.79575321674
-170.599450684, -193.11330719, 1.83588063717
-170.386961365, -193.337017822, 1.82009314299
-170.667459106, -193.479188538, 1.82165148258
-170.392120361, -193.345040894, 1.7967222333
-170.319050598, -193.317562866, 1.82759975195
-170.352301025, -193.303457642, 1.8222968936
-170.359025574, -193.074447632, 1.82200448513
-170.508036804, -193.127865601, 1.8235119462
-170.509190369, -193.340299988, 1.82116422653
-170.442204285, -193.102783203, 1.82737812996
-170.386152649, -193.044670105, 1.82423889637
-170.393922424, -193.395892334, 1.82840387821
-170.657099915, -193.527825928, 1.80906333923
-170.702539062, -193.601191711, 1.84218127728
-170.416702271, -193.277612305, 1.83872578144
-170.425024414, -193.227694702, 1.8544000268
-170.604524231, -193.126289368, 1.83794629574
-170.504006958, -193.191921997, 1.83394793272
-170.502403259, -193.257867432, 1.82584809065
-170.546157837, -193.399259949, 1.79761189222
-170.542520142, -193.021548462, 1.83069918156
-170.406510925, -193.447926331, 1.80758841038
-170.34841156, -193.035343933, 1.82648513317
-170.262379456, -193.281204224, 1.83040263653
-170.468937683, -193.410472107, 1.81757284403
-170.207052612, -193.376341248, 1.82943296432
-170.394664001, -193.255303955, 1.83004095554
-170.521498108, -193.110549927, 1.79803888798
-170.544221497, -193.450997925, 1.81377879381
-170.488659668, -193.230444336, 1.83076512814
-170.568119812, -193.104393005, 1.827646029
-170.280328369, -193.026728821, 1.82220271826
-170.459858704, -193.208303833, 1.81728512049
-170.66325531, -193.164985657, 1.81864875555
-170.388937378, -193.008056641, 1.83792674541
-170.613523865, -192.936054993, 1.85685914755
-170.296299744, -193.336096191, 1.81765799522
-170.600480652, -193.358815002, 1.82107281685
-170.581112671, -193.272041321, 1.82281467915
-170.608087158, -193.481712341, 1.82400771379
-170.40241394, -192.94337616, 1.81594491005
-170.420669556, -193.413487244, 1.81672798395
-170.570530701, -193.189796448, 1.83211010695
-170.558076477, -193.061730957, 1.84302479029
-170.499780273, -193.011103821, 1.81757688522
-170.502552795, -193.198942566, 1.82949597836
-170.487460327, -193.406925964, 1.81813265085
-170.426811218, -193.005833435, 1.806582129
-170.542424011, -193.042321777, 1.81397166252
-170.503761292, -193.442697144, 1.80304976702
-170.589588928, -192.933285522, 1.84771081209
-170.650140381, -193.122018433, 1.8132256031
-170.598677063, -193.432315063, 1.79823781252
-170.511651611, -193.222703552, 1.8337376833
-170.301185608, -193.378767395, 1.81149992943
-170.377539063, -193.081149292, 1.83974610567
-170.381092834, -192.965364075, 1.82215032578
-170.396466064, -192.873603821, 1.83353805542
-170.711701965, -193.340361023, 1.81022081375
-170.233346558, -192.987252808, 1.84174040556
-170.383961487, -192.766212463, 1.83772906065
-170.41771698, -192.848756409, 1.83823208809
-170.603695679, -192.846166992, 1.83537735939
-170.439892578, -193.191238403, 1.8276787281
-170.447224426, -193.0703125, 1.81044983864
-170.594213867, -193.539350891, 1.83119010925
-170.383833313, -192.767463684, 1.84858033657
-170.291094971, -192.931060791, 1.83697504997
-170.501275635, -193.154962158, 1.84681692123
-170.386791992, -193.098123169, 1.81753782034
-170.311590576, -192.862200928, 1.81758626699
-170.382667542, -192.967059326, 1.84011516571
-170.545776367, -193.007373047, 1.83287545443
-170.517913818, -193.369506836, 1.83732513189
-170.384484863, -193.009410095, 1.81883497238
-170.736676025, -193.443946838, 1.80973037481
-170.253945923, -193.107467651, 1.84287127256
-170.476048279, -193.26895752, 1.83176057339
-170.523733521, -193.006433105, 1.83778780699
-170.39025116, -192.904005432, 1.8332770586
-170.279246521, -193.015551758, 1.81514003277
-170.507315063, -193.210173035, 1.82495164871
-170.330021667, -192.91598053, 1.83856515884
-170.376612854, -192.877960205, 1.85581829548
-170.341972351, -193.249243164, 1.83072009087
-170.438642883, -193.166963196, 1.84537360668
-170.589997864, -192.970146179, 1.82964494228
-170.456564331, -193.618475342, 1.79231071472
-170.405838013, -193.039033508, 1.82486871481
-170.407836914, -192.927459717, 1.8242146492
-170.52434082, -193.233610535, 1.81296834946
-170.657102966, -193.308702087, 1.84503883123
-170.510751343, -193.181059265, 1.84549680948
-170.456137085, -193.101443481, 1.86367689371
-170.518821716, -193.426893616, 1.81390687227
-170.465855408, -193.035876465, 1.82265731096
-170.47978363, -193.155435181, 1.81519167423
-170.434475708, -192.88744812, 1.82658057213
-170.486161804, -193.646083069, 1.80143097639
-170.451374817, -193.145365906, 1.83318486214
-170.382514954, -193.47094574, 1.83180687428
-170.501126099, -193.346351624, 1.82236379385
-170.594042969, -193.081011963, 1.82844275236
-170.423487854, -193.126765442, 1.80830128193
-170.5240448, -193.091194153, 1.83643085957
-170.459674072, -192.92322998, 1.83861103058
-170.292678833, -193.066529846, 1.82485656738
-170.291195679, -192.717227173, 1.83651963472
-170.387667847, -192.841462708, 1.83602977991
-170.273423767, -193.205885315, 1.82337595224
-170.406903076, -192.773060608, 1.83544136286
-170.505010986, -193.057957458, 1.83712750673
-170.608189392, -192.966964722, 1.83782459497
-170.23205719, -192.819052124, 1.85090785027
-170.541288757, -192.996289063, 1.83524258137
-170.509159851, -193.222476196, 1.82806545496
-170.40919342, -192.992807007, 1.80565667152
-170.661526489, -193.098091125, 1.814993608
-170.524754333, -192.948382568, 1.82823871374
-170.229779053, -193.220246887, 1.82998905182
-170.323565674, -192.806428528, 1.82338962555
-170.244274902, -193.070426941, 1.82470817566
-170.426712036, -192.783470154, 1.82980169058
-170.563957214, -192.631234741, 1.82549753189
-170.332746887, -193.142593384, 1.83529485464
-170.387489319, -192.814389038, 1.83270308971
-170.511610413, -193.08974762, 1.83009755611
-170.258131409, -192.825289917, 1.81243659258
-170.235144043, -192.693721008, 1.84615511894
-170.336712646, -192.855076599, 1.84911425114
-170.504663086, -192.939587402, 1.82234317064
-170.444494629, -192.68190155, 1.82497457266
-170.447198486, -193.118193054, 1.81308978796
-170.316453552, -192.909144592, 1.82400903702
-170.499035645, -193.032394409, 1.83590490818
-170.347787476, -192.687669373, 1.84188762903
-170.535173035, -192.910397339, 1.85492985249
-170.598721313, -192.767500305, 1.84418016672
-170.411999512, -192.983253479, 1.85158004761
-170.26390686, -192.947322083, 1.83127840757
-170.398126221, -192.954859924, 1.83202751875
-170.443153381, -192.893022156, 1.82423820496
-170.291917419, -192.997557068, 1.84667592049
-170.32434845, -192.939208984, 1.82436597347
-170.2795578, -193.108287048, 1.855476439
-170.481262207, -193.246562195, 1.837763834
-170.249946594, -193.126927185, 1.85522897243
-170.627186584, -193.018461609, 1.8465449214
-170.114834595, -192.786962891, 1.83480274677
-170.437071228, -193.261170959, 1.80743479729
-170.499179077, -192.931520081, 1.82522616386
-170.445079041, -193.196121216, 1.79771625996
-170.43894043, -193.251934814, 1.82359670401
-170.240022278, -192.79133606, 1.83849236965
-170.408093262, -192.910876465, 1.83218468428
-170.260113525, -192.814562988, 1.8355617404
-170.190034485, -192.732627869, 1.84810394049
-170.159849548, -192.92898407, 1.81793236732
-170.3626297, -192.902359009, 1.83556121588
-170.199072266, -193.108230591, 1.79469082355
-170.207469177, -192.844276428, 1.84252021313
-170.233773804, -192.846353149, 1.83621109724
-170.213969421, -192.643165588, 1.83986899853
-170.33447113, -192.744728088, 1.84988058805
-170.481234741, -193.05370636, 1.84708819389
-170.336392212, -192.753924561, 1.84600332975
-170.480715942, -192.959745789, 1.84046094418
-170.407299805, -192.677490234, 1.83609300852
-170.293292236, -192.869477844, 1.83632568121
-170.512249756, -193.315078735, 1.82044514418
-170.439364624, -193.178489685, 1.82774339914
-170.322251892, -192.710746765, 1.83184858561
-170.212786865, -192.595967102, 1.82835410833
-170.430776978, -192.940997314, 1.83924679756
-170.513526917, -192.883148193, 1.83763916492
-170.288766479, -193.059506226, 1.82453997135
-170.261459351, -193.071835327, 1.83317269087
-170.537669373, -193.141900635, 1.81440011263
-170.601062012, -193.002255249, 1.83022636175
-170.355726624, -193.150746155, 1.80099766254
-170.29732666, -192.880618286, 1.85149433613
-170.570996094, -192.909979248, 1.84850578308
-170.304348755, -192.788627625, 1.84006950855
-170.42991333, -193.025366211, 1.85780491829
-170.346008301, -192.932832336, 1.84625413418
-170.450517273, -193.129995728, 1.83080247641
-170.253848267, -192.77059021, 1.83326985836
-170.329560852, -192.825465393, 1.83298718929
-170.549417114, -193.096328735, 1.82606159449
-170.511599731, -192.851147461, 1.85122814178
-170.302171326, -192.859875488, 1.82809944153
-170.018118286, -192.866551208, 1.84647039175
-170.517462158, -193.17842865, 1.8439103961
-170.32676239, -192.754333496, 1.83412876129
-170.386209106, -192.844515991, 1.84459062815
-170.350926208, -192.848040771, 1.84084141254
-170.432463074, -193.221247864, 1.83447865248
-170.294143677, -192.777062988, 1.83172909021
-170.41166687, -192.959037781, 1.85776976347
-170.427888489, -192.946063232, 1.85546367168
-170.364364624, -192.65869751, 1.82899222374
-170.177183533, -192.869012451, 1.83829467297
-170.382203674, -192.668600464, 1.85411102772
-170.312864685, -192.724395752, 1.83392858505
-170.176249695, -192.710945129, 1.82982568741
-170.47272644, -193.053981018, 1.84071472883
-170.454090881, -193.246488953, 1.80902372599
-170.150660706, -192.910646057, 1.81256719828
-170.407476807, -192.746641541, 1.83142074347
-170.192311096, -193.143002319, 1.8087413311
-170.118850708, -192.718655396, 1.82088499069
-170.365470886, -193.100489807, 1.83326721191
-170.417636108, -193.119818115, 1.8521933794
-170.327334595, -193.065245056, 1.84082270861
-170.196305847, -192.81985321, 1.81781840324
-170.161305237, -192.633882141, 1.82166434526
-170.204110718, -192.851823425, 1.80002470016
-170.202285767, -192.774468994, 1.83256423473
-170.26428833, -192.955757141, 1.83900498152
-170.083692932, -192.61789093, 1.8479268074
-170.296813965, -192.686082458, 1.83196231127
-170.37518158, -192.948608398, 1.85493680239
-170.442008972, -192.908958435, 1.82131477594
-170.388627625, -192.849047852, 1.84395692348
-170.181855774, -192.708506775, 1.85328339338
-170.274543762, -192.804234314, 1.83836278915
-170.44853363, -192.880819702, 1.8866491437
-170.466397095, -192.772087097, 1.84306451082
-170.197749329, -193.133876038, 1.81328593493
-170.176174927, -192.858435059, 1.8231225729
-170.224798584, -192.827090454, 1.85180959702
-170.324333191, -192.49196167, 1.8538718462
-170.446304321, -192.545387268, 1.83217298985
-170.492471313, -193.0067276, 1.82444136143
-170.378607178, -192.70428009, 1.85085016489
-170.315162659, -192.977641296, 1.84330682755
-170.232595825, -192.505226135, 1.8532574892
-170.185946655, -192.792584229, 1.84157642126
-170.165515137, -192.830961609, 1.83669975996
-170.113540649, -192.94163208, 1.81322761774
-170.425471497, -192.93367157, 1.85479029417
-170.343392944, -192.662286377, 1.84648449421
-170.208407593, -192.991821289, 1.82503427267
-170.267626953, -192.957394409, 1.84043864012
-170.516223145, -193.039990234, 1.8321036458
-170.45050354, -193.008396912, 1.84736362696
-170.300262451, -192.964250183, 1.81056302786
-170.36111145, -192.983743286, 1.8279786706
-170.333566284, -193.387800598, 1.81073157787
-170.396705627, -192.71605835, 1.84886784554
-170.328434753, -192.853051758, 1.83998930454
-170.431907654, -193.037286377, 1.83889756203
-170.30737915, -192.800527954, 1.83165184259
-170.480024719, -192.861880493, 1.8392945528
-170.232998657, -192.729318237, 1.85213581324
-170.521707153, -192.875698853, 1.84413950443
-170.357728577, -192.684489441, 1.84861381054
-170.462025452, -192.925299072, 1.85511450768
-170.47127533, -192.656466675, 1.86193566322
-170.247079468, -192.646421814, 1.84422370195
-170.405340576, -192.995431519, 1.86237707138
-170.315606689, -192.699363708, 1.84000469446
-170.209779358, -192.702796936, 1.85086200237
-170.232115173, -192.68828125, 1.84538753033
-170.307987976, -192.740499878, 1.83782691956
-170.167961121, -192.899049377, 1.85667881966
-170.209767151, -192.844189453, 1.842793715
-170.366648865, -193.084988403, 1.84279060364
-170.300497437, -193.06884613, 1.85555013418
-170.167858887, -192.855535889, 1.844840312
-170.276620483, -192.681216431, 1.84174673557
-170.316999817, -192.982537842, 1.82726157904
-170.362986755, -192.765486145, 1.83426305056
-170.51459198, -193.054516602, 1.80825158358
-170.258302307, -192.674015808, 1.85186100006
-170.334062195, -192.729240417, 1.82973204851
-170.323220825, -192.799058533, 1.86397249699
-170.011355591, -192.585169983, 1.84515234232
-170.343809509, -192.702120972, 1.85126039982
-170.219909668, -192.816639709, 1.83896230459
-170.345507812, -192.696377563, 1.8775873065
-170.24655304, -192.766123962, 1.85967983007
-170.233901978, -192.995655823, 1.82921718359
-170.27830658, -192.597384644, 1.85397055149
-170.321699524, -192.817414856, 1.83433310986
-170.41184845, -192.998846436, 1.84639748335
-170.083866882, -192.996005249, 1.79744739532
-170.303755188, -193.290158081, 1.83323032856
-170.466868591, -193.026309204, 1.82380927801
-170.265158081, -192.493058777, 1.8415877223
-170.292474365, -192.847363281, 1.83247793913
-170.267469788, -192.787538147, 1.83055095673
-170.219746399, -192.688339233, 1.84882807732
-170.111705017, -192.483258057, 1.84337548018
-170.20514679, -192.634971619, 1.8579364419
-170.330119324, -192.663957214, 1.85808660984
-170.470350647, -192.954249573, 1.82932533026
-170.187538147, -192.85362854, 1.84452805519
-170.249446106, -192.606277466, 1.83782032728
-170.239369202, -193.162802124, 1.81097064018
-170.263516235, -192.532150269, 1.84393218756
-170.331498718, -192.625115967, 1.86245317459
-170.250575256, -192.648930359, 1.85195512772
-170.219346619, -192.8395401, 1.8226355195
-170.258837891, -192.71855011, 1.84870356321
-170.160290527, -193.073730469, 1.82217600346
-170.311109924, -192.422041321, 1.85459794998
-170.200471497, -192.514541626, 1.84946581125
-170.247706604, -192.722052002, 1.85218265057
-170.277206421, -192.747259521, 1.85150849819
-170.217938232, -192.826228333, 1.85289349556
-170.124636841, -192.408670044, 1.85904397964
-170.201844788, -192.638935852, 1.84726957083
-170.19940033, -192.821003723, 1.85763137341
-170.271937561, -192.645220947, 1.8381680131
-170.334236145, -192.956193542, 1.84588935375
-170.162409973, -192.733398438, 1.83951413631
-170.028625488, -192.690785217, 1.84664503336
-169.997857666, -192.678657532, 1.82915719748
-170.432086182, -192.901290894, 1.84609698057
-170.233575439, -192.736045837, 1.84682127237
-170.122029114, -192.658587646, 1.87141516209
-170.168011475, -192.595118713, 1.85384469032
-169.987252808, -192.563452148, 1.84515244961
-170.291725159, -192.533027649, 1.84671379328
-170.10448761, -192.381977844, 1.85633808374
-170.237590027, -192.569602966, 1.85324194431
-170.301237488, -192.798770142, 1.86410200596
-170.381880188, -192.940797424, 1.84403121471
-170.169596863, -192.763378906, 1.84191418886
-170.324455261, -192.957997131, 1.83913956881
-170.133181763, -192.522041321, 1.85174925327
-170.335725403, -192.914149475, 1.84900302887
-170.371917725, -192.641595459, 1.8475720048
-170.375437927, -193.015281677, 1.83001849651
-170.128973389, -192.505297852, 1.85221663713
-170.038296509, -192.383552551, 1.85409111977
-170.398750305, -192.751461792, 1.85067800283
-170.305169678, -192.653308105, 1.86292737722
-170.291461182, -192.570834351, 1.84810103178
-170.112426758, -192.566262817, 1.83818485737
-170.154812622, -192.622943115, 1.82628626823
-170.207658386, -192.720625305, 1.86371502876
-170.176193237, -192.656105042, 1.84341076612
-170.270983887, -192.632531738, 1.83715734482
-170.314006042, -192.727949524, 1.84567409754
-170.190086365, -192.654862976, 1.84698419571
-170.404853821, -192.772763062, 1.83430560827
-170.12334137, -192.597135925, 1.85640841722
-170.090873718, -192.245541382, 1.86594876051
-170.157888794, -192.569725037, 1.86084777117
-170.048443604, -192.598109436, 1.84367097616
-170.322720337, -192.536022949, 1.84715616703
-170.151142883, -192.52197113, 1.85635284185
-170.198297119, -192.77277832, 1.84278877974
-170.119851685, -192.452745056, 1.83290268183
-170.18717804, -192.626577759, 1.86420933008
-170.091758728, -192.467640686, 1.84755496979
-170.418626404, -192.640585327, 1.8535717845
-170.220906067, -192.803187561, 1.86060070992
-170.350286865, -192.659779358, 1.86724684238
-170.180935669, -192.389686584, 1.86107488871
-170.175875854, -192.694841003, 1.83871713877
-170.139097595, -192.433416748, 1.84780790806
-170.043795776, -192.447113037, 1.83730559349
-170.19901886, -192.695240784, 1.85097330809
-170.167451477, -192.568312073, 1.84583023787
-170.230158997, -192.649514771, 1.82999176979
-170.149034119, -192.730964661, 1.84690723419
-170.338504028, -192.662840271, 1.85336124897
-170.143989563, -192.494778442, 1.85131742954
-170.242834473, -192.615492249, 1.84692479372
-170.138217163, -192.858224487, 1.83098784685
-170.424252319, -192.987168884, 1.84894304276
-170.146365356, -192.770901489, 1.82729085684
-170.31318512, -193.001663208, 1.86312689781
-170.287080383, -192.598085022, 1.83456134796
-170.283068848, -192.667539978, 1.81485748291
-170.215570068, -192.858641052, 1.83916864395
-170.348918152, -192.584223938, 1.85201448202
-170.284333801, -192.692770386, 1.84743272066
-170.33213501, -192.747332764, 1.86796580553
-170.292071533, -192.579554749, 1.85321644545
-170.241685486, -192.379730225, 1.85295690298
-170.397433472, -192.617758179, 1.83121707439
-170.067108154, -192.448667908, 1.8604954958
-170.221170044, -192.73053894, 1.84359357357
-170.382881165, -192.558308411, 1.85856832266
-170.031437683, -192.605111694, 1.82255681753
-170.421755981, -192.811123657, 1.85030325651
-170.02791748, -192.51204071, 1.85364147425
-170.285681152, -192.744221497, 1.83717411757
-170.401382446, -192.697233582, 1.8388051033
-170.280992126, -192.568940735, 1.85275864601
-170.112149048, -192.443344116, 1.87878893614
-170.154957581, -192.509500122, 1.84727728367
-170.229872131, -192.669819641, 1.85737752914
-170.283964539, -192.789605713, 1.86214009523
-170.243492126, -192.565205383, 1.85545480251
-170.06206665, -192.485482788, 1.8452673912
-170.286705017, -192.906993103, 1.83335453272
-170.341192627, -192.665975952, 1.85183296204
-170.184579468, -192.758294678, 1.85720981359
-170.121444702, -192.362039185, 1.8512604475
-170.066600037, -192.554078674, 1.85515537262
-170.118553162, -192.32130127, 1.83859590292
-170.322459412, -192.634040833, 1.85263882875
-170.09498291, -192.51554718, 1.84254715443
-170.386256409, -192.738070679, 1.83598099947
-170.001698303, -192.706510925, 1.83654991388
-170.24994812, -192.397161865, 1.86259522438
-170.046968079, -192.772201538, 1.84227503538
-170.308708191, -192.453126526, 1.86094996929
-170.151222229, -192.332536316, 1.84629046917
-170.381466675, -192.451725769, 1.84229768515
-170.28996582, -192.614962769, 1.87203366756
-170.017558289, -192.502122498, 1.84713747501
-170.254064941, -192.57494812, 1.86562716961
-169.985044861, -192.617687988, 1.83665211201
-170.178053284, -192.480383301, 1.84151457548
-170.237149048, -192.286268616, 1.8583317399
-170.205535889, -192.83520813, 1.8470015645
-170.109310913, -192.33785553, 1.85118470192
-170.290933228, -192.281486511, 1.88449853659
-170.125010681, -192.525552368, 1.86850495338
-170.139352417, -192.606283569, 1.8573300004
-170.160699463, -192.691943359, 1.85694941282
-170.235897827, -192.698713684, 1.84772462845
-170.020269775, -192.505986023, 1.86932075024
-170.236051941, -192.658392334, 1.87356694937
-170.238755798, -192.601409912, 1.87711691856
-170.339282227, -192.427864075, 1.85323886871
-170.334570313, -192.648886108, 1.86235816479
-170.259565735, -192.652340698, 1.85765494108
-170.102828979, -192.491474915, 1.84574334621
-170.230900574, -192.527713013, 1.8562871933
-170.196774292, -192.291340637, 1.84843918085
-170.372445679, -192.860586548, 1.84996328354
-170.255363464, -192.648243713, 1.86198029518
-170.363796997, -192.682817078, 1.85578206778
-170.334693909, -192.745838928, 1.87475851774
-170.284812927, -192.485002136, 1.87664458752
-170.342988586, -192.655966187, 1.88829727173
-170.035917664, -192.433187866, 1.84981168509
-170.261756897, -192.682820129, 1.85001971722
-170.082875061, -192.398632813, 1.83774873018
-170.162348938, -192.41566925, 1.86295956373
-170.166136169, -192.607978821, 1.85657366514
-170.221072388, -192.422013855, 1.86271836758
-170.116958618, -192.471658325, 1.86311980486
-170.005749512, -192.383575439, 1.85838221312
-170.256510925, -192.528785706, 1.84465583563
-170.308480835, -192.943225098, 1.82691104412
-170.149533081, -192.610189819, 1.83720018864
-170.138276672, -192.078857422, 1.86670178175
-170.269094849, -192.38500061, 1.87167400122
-169.992211914, -192.434262085, 1.84413467646
-170.271138, -192.525222778, 1.84892264605
-170.124325562, -192.410263062, 1.85455230474
-170.199060059, -192.247683716, 1.874335742
-170.166758728, -192.351075745, 1.84162344933
-170.056747437, -192.426792908, 1.86811314821
-170.339242554, -192.644621277, 1.85410768986
-170.297123718, -192.261006165, 1.88246691227
-170.036437988, -192.646934509, 1.83056814671
-170.210830688, -192.463121033, 1.86097301245
-170.138084412, -192.425218201, 1.84096539021
-170.100326538, -192.231573486, 1.8677996397
-170.320608521, -192.644752502, 1.84882409573
-170.131636047, -192.41153717, 1.85144989491
-170.160334778, -192.596278381, 1.82364178896
-170.223399353, -192.406269836, 1.8782438755
-170.117704773, -192.735647583, 1.82830550671
-170.291047668, -192.621298218, 1.81978427172
-170.166551208, -192.733346558, 1.83141573668
-170.198291016, -192.527552795, 1.86047196388
-170.221664429, -192.441815186, 1.86066913605
-170.162664795, -192.494332886, 1.83605175018
-170.023884583, -192.404147339, 1.84828161001
-170.235682678, -192.293623352, 1.8590348959
-170.169760132, -192.259823608, 1.85456316471
-170.235298157, -192.398797607, 1.86821813583
-170.233770752, -192.510118103, 1.84898838997
-169.933824158, -192.587510681, 1.82714450359
-170.157099915, -192.45526123, 1.85382124186
-170.13986969, -192.43862915, 1.8540789485
-170.179078674, -192.693322754, 1.86859463453
-170.203588867, -192.446440125, 1.86080793142
-170.00105896, -192.390913391, 1.86216719151
-170.320063782, -192.533071899, 1.84105532169
-170.073921204, -192.239271545, 1.86166058779
-170.059625244, -192.415814209, 1.84486838579
-170.268777466, -192.551168823, 1.87020559311
-170.440548706, -192.417726135, 1.86318700314
