0.0416375994682
0.0333333333333
0.0334718227386
0.113223910332
0.0407239834468
0.0367511232694
0.0447690248489
0.110095604261
0.0600538690885
0.0333333333333
0.0765296061834
0.094287888209
0.0333333333333
0.0640910466512
0.0980500618617
0.0380346337954
0.0411405881246
0.267576185862
0.0334147691727
0.0688884178797
0.041056350867
0.0864637772242
0.0335840582848
0.103172389666
0.0469308296839
0.0338884472847
0.0617480834325
0.0540502667427
0.164706881841
0.117751296361
0.0556934436162
0.0334576447805
0.0338989694913
0.11936665376
0.145221932729
0.0971438328425
0.145819425583
0.0800424337387
0.0734385649363
0.0346912582715
0.1840321064
0.0761386553446
0.211900631587
0.113836081823
0.0521217902501
0.102676177025
0.0850000143051
0.0453013777733
0.0412654479345
0.0333740393321
0.0343034466108
0.0514463702838
0.0468356410662
0.0918321450551
0.0353510975838
0.0747875610987
0.0786493142446
0.10196325779
0.141043154399
0.0728719790777
0.0364252607028
0.0335209886233
0.0793811400731
0.0790852387746
0.0333455443382
0.0339690009753
0.0817224661509
0.117248702049
0.0510779738426
0.0979647159576
0.0854705095291
0.0784542878469
0.037294836839
0.119404411316
0.0707346836726
0.0963116804759
0.0350696365039
0.0760944684347
0.111279002825
0.0360417286555
0.0888402462006
0.0788870096207
0.0850001414617
0.114303350449
0.0755789200465
0.0779004017512
0.133464670181
0.0589039524396
0.086386791865
0.159463850657
0.0340502222379
0.0601948420207
0.0391877134641
0.0943855603536
0.0969660997391
0.0352671901385
0.0898728370667
0.0389928181966
0.0340473294258
0.122256914775
0.220687977473
0.0425395051638
0.0949337879817
0.0354187130928
0.039479692777
0.0685476620992
0.14197045962
0.201414060593
0.046989707152
0.0648352861404
0.0511693994204
0.0350136597951
0.104062891006
0.19452718099
0.039307586352
0.0861811081568
0.0384191552798
0.104835820198
0.0476127028465
0.0399428606033
0.0369038661321
0.0964470148087
0.0967875480652
0.12446726958
0.157669067383
0.0339171290398
0.0522892634074
0.0557955821355
0.166980727514
0.036678981781
0.0349264979362
0.198897949855
0.113799405098
0.0335393826167
0.132784930865
0.119546723366
0.0372632026672
0.0402028560638
0.0489952206612
0.0860464334488
0.0881110906601
0.0365084489187
0.0805372873942
0.0423078576724
0.115925304095
0.119651055336
0.0499362031619
0.0363721489906
0.114123527209
0.0834821462631
0.0720318555832
0.109936857224
0.0438310623169
0.0678793032964
0.100343982379
0.0346033851306
0.0340185085932
0.0762521107992
0.0954385836919
0.20251232783
0.0387729207675
0.26735385259
0.0462588747342
0.0960792620977
0.0362460772196
0.0797789971034
0.106865739822
0.0334066470464
0.0363818327586
0.0351870457331
0.053179927667
0.120260938009
0.0356863220533
0.0445878346761
0.0643538395564
0.131888842583
0.167496681213
0.0710884332657
0.090907740593
0.0507236758868
0.0506770253181
0.0434021472931
0.110384233793
0.0743251244227
0.075532968839
0.035776146253
0.0373988787333
0.0602161129316
0.0362516562144
0.0441281914711
0.149731063843
0.0629778782527
0.140332444509
0.101796555519
0.0944180647532
0.041701344649
0.0364491740863
0.033339436849
0.0434148629506
0.0657984534899
0.0449516852697
0.0707052707672
0.0966246366501
0.0802911917369
0.0390055457751
0.0423767487208
0.151006126404
0.107891488075
0.0680250485738
0.04033258756
0.100618751844
0.033394408226
0.0503594756126
0.0369189500809
0.0357184727987
0.0337537487348
0.0333597898483
0.0591421445211
0.12441432476
0.036528702577
0.040508556366
0.0682595968246
0.0641356468201
0.0877353429794
0.0829501708349
0.0463258345922
0.166859722137
0.0437067866325
0.0346576333046
0.0602682034175
0.0337357878685
0.0910976886749
0.103964916865
0.126826810837
0.114596160253
0.0957268238068
0.0872597694397
0.126479498545
0.0665731787682
0.0944043238958
0.105362804731
0.0358885963758
0.187098948161
0.0538238525391
0.0335844318072
0.0986764192581
0.0705560445786
0.0343725641569
0.0544513424238
0.0719686905543
0.0525140762329
0.096010239919
0.210844357808
0.143960110346
0.0723843018214
0.0479268232981
0.0399426380793
0.0443666338921
0.148266077042
0.0350903789202
0.145860274633
0.0935627937317
0.154595327377
0.035713438193
0.0354286551476
0.0523772756259
0.0569714466731
0.0656331618627
0.149128468831
0.0465490619342
0.0903388659159
0.189180453618
0.0516301870346
0.121280527115
0.058208934466
0.0342177549998
0.051109055678
0.114986467361
0.116727725665
0.0748145421346
0.0835560719172
0.0486837903659
0.0456829269727
0.122639123599
0.0635846773783
0.158093818029
0.0340190768242
0.106746689479
0.0340331832568
0.0416128834089
0.0708443164825
0.0434374094009
0.0442297856013
0.0720186233521
0.0401554822922
0.0583643595378
0.058575963974
0.0506838639577
0.101875956853
0.043464076519
0.0338491757711
0.0430463592211
0.0608850002289
0.0345489740372
0.157814995448
0.0546160260836
0.0799935181936
0.0343312064807
0.195323117574
0.167784881592
0.0454061667124
0.0426913340886
0.055394589901
0.133817911148
0.0690287907918
0.0340427319209
0.0692134777705
0.104592418671
0.0981884638468
0.0399186372757
0.0339113076528
0.0490128040314
0.0586943864822
0.0404875596364
0.0736738681793
0.0904339631399
0.250480906169
0.0645056525866
0.14747095108
0.041102874279
0.147380272547
0.0864551385244
0.147080055873
0.123709328969
0.0668951272964
0.14534907341
0.0759428024292
0.10668288072
0.0337197820346
0.0589883923531
0.137830750148
0.0342262864113
0.0919140974681
0.0874766985575
0.0744231303533
0.112606581052
0.0361947099368
0.0610110958417
0.0409055312475
0.108205970128
0.192832994461
0.0920275847117
0.0505707740784
0.131714590391
0.0617604335149
0.0550029357274
0.0636016567548
0.0832851330439
0.0781463543574
0.119056781133
0.14933869044
0.0654468536377
0.0350326299667
0.0779675563176
0.0917684237162
0.0657656987508
0.10228852431
0.0825865507126
0.068452445666
0.120882590612
0.168933137258
0.126059770584
0.098929699262
0.0609003543854
0.0409281492233
0.0407964189847
0.0339229742686
0.0416390816371
0.0715725978216
0.0961816946665
0.0817082564036
0.0386913140615
0.111762285233
0.137704944611
0.0464011391004
0.141715860367
0.0913499832153
0.0508686025937
0.0417242089907
0.161093823115
0.142832374573
0.0682071208954
0.0695012251536
0.0336004177729
0.0511547207832
0.0730976104736
0.150870291392
0.0390771110853
0.0765418847402
0.244533316294
0.0493758400281
0.150410397847
0.0826817591985
0.0481453498205
0.0558156768481
0.14813229243
0.110195525487
0.0562689820925
0.0622530341148
0.0501050949097
0.0333333333333
0.0407810727755
0.0770887056986
0.0542745431264
0.189531501134
0.112224125862
0.0361299554507
0.0478029966354
0.0467405676842
0.17734003067
0.210695981979
0.126171557109
0.0359705924988
0.0675463835398
0.195579830805
0.0705906629562
0.0559105118116
0.138546148936
0.0480750441551
0.0964219649633
0.106524459521
0.120834978422
0.0352155725161
0.0992068052292
0.0989108880361
0.0584700624148
0.218259032567
0.0357139507929
0.0654820243518
0.0645441134771
0.147288958232
0.150496101379
0.0338957071304
0.133791526159
0.150491253535
0.071416258812
0.0733203172684
0.0606393376986
0.244425948461
0.253256972631
0.144924608866
0.140465386709
0.0623974164327
0.140554300944
0.113593363762
0.105603726705
0.0458849072456
0.0435451706251
0.223239644368
0.0609463771184
0.211181386312
0.034657629331
0.131868068377
0.153120692571
0.0632100780805
0.0869965791702
0.033523050944
0.0521247347196
0.256259425481
0.128023298581
0.0671511888504
0.0403026898702
0.0705116351446
0.0824797550837
0.0475536704063
0.0649948914846
0.0796450773875
0.0796851555506
0.0750171502431
0.103843243917
0.0474458217621
0.08014579614
0.0417496522268
0.199798981349
0.15286676089
0.0426011125247
0.040351208051
0.221166102091
0.0397784550985
0.152057631811
0.0978505849838
0.169765551885
0.107166115443
0.120257163048
0.126920660337
0.0445590376854
0.034686144193
0.18070306778
0.0804598172506
0.120168852806
0.0619971116384
0.0508471131325
0.084913333257
0.076146642367
0.0340129534403
0.127591133118
0.0483801086744
0.066518954436
0.080606007576
0.093998058637
0.129044739405
0.0631673971812
0.0698589166005
0.0693341811498
0.131934857368
0.0740284204483
0.0341679970423
0.119215671221
0.135026518504
0.0587674776713
0.072642938296
0.115712714195
0.0808145364126
0.125901397069
0.0543622016907
0.115363073349
0.0532167553902
0.191617663701
0.0817449569702
0.0841737508774
0.0452029744784
0.141107416153
0.159037685394
0.105395992597
0.214676253001
0.135981798172
0.0626152594884
0.0740808407466
0.156192493439
0.033389321963
0.144727087021
0.0640741427739
0.0492049535116
0.0850832700729
0.155088376999
0.0535100142161
0.0774251461029
0.102154874802
0.0959829250971
0.173053963979
0.0553918083509
0.0799995581309
0.0549507260323
0.0721175114314
0.0507539232572
0.0395800948143
0.118933184942
0.0467726151148
0.0334229588509
0.167749230067
0.0508713523547
0.0560388167699
0.0478195269903
0.0543915987015
0.0736156463623
0.13611946106
0.0342784523964
0.0912025690079
0.139870548248
0.072417195638
0.0533773859342
0.0655658920606
0.0481998920441
0.0506387869517
0.0429847081502
0.0339608152707
0.0479162891706
0.0691786209742
0.0490440686544
0.104032254219
0.0405315915744
0.0423212528229
0.0818798700968
0.205526701609
0.061437646548
0.11854634285
0.10003575484
0.0387054363887
0.0372020641963
0.102745509148
0.035411743323
0.100789809227
0.0962677876155
0.0707122882207
0.0500748713811
0.0429120262464
0.106286629041
0.144050041835
0.0804553747177
0.123282591502
0.0847909291585
0.128583463033
0.0350470383962
0.0463919321696
0.0840367158254
0.0880233764648
0.0856624921163
0.0466755191485
0.0613153457642
0.0969775040944
0.132600728671
0.119388175011
0.161723216375
0.0428446054459
0.141072750092
0.13476990064
0.143703063329
0.0998640298843
0.0437140425046
0.170489199956
0.09392294089
0.0950220425924
0.0583424846331
0.171317927043
0.0826915025711
0.0369530359904
0.148435417811
0.0792257229487
0.0689019203186
0.140750964483
0.154305632909
0.0785227616628
0.0402967850367
0.106807947159
0.0590212980906
0.0977209647497
0.215671221415
0.256042782466
0.148332643509
0.0664698799451
0.122567518552
0.110951113701
0.150550778707
0.0753035465876
0.0811860481898
0.127060643832
0.0656259735425
0.0395802140236
0.0916840235392
0.139438724518
0.0424079140027
0.103641374906
0.313694826762
0.115103522937
0.16954498291
0.0500595768293
0.0885454257329
0.200578419367
0.0745322227478
0.0782990773519
0.181990146637
0.127318310738
0.139287090302
0.167290321986
0.102553844452
0.0339505036672
0.0334310968717
0.0736456314723
0.0678595622381
0.0909616072973
0.0459136168162
0.0822017749151
0.131557234128
0.221963040034
0.166944630941
0.141785399119
0.091478562355
0.0594885230064
0.0341927687327
0.0385185798009
0.0624199906985
0.081655160586
0.0945523103078
0.159337520599
0.0665868679682
0.122072323163
0.175211556753
0.117112501462
0.0673153559367
0.135650364558
0.0784128109614
0.0717195431391
0.0368786613146
0.0834035158157
0.127898017565
0.20311032931
0.0631830732028
0.0400589982669
0.0479735692342
0.0594919641813
0.0459755897522
0.0365618983905
0.11764515241
0.126675931613
0.113294204076
0.0746074279149
0.0390838861465
0.0612940430641
0.0708605845769
0.0351904988289
0.0828862110774
0.179343541463
0.045927409331
0.106978877385
0.0599942763646
0.102184359233
0.14185107549
0.201824331284
0.0735057910283
0.207852840424
0.0505260189374
0.0336928804715
0.0658050100009
0.159163618088
0.0639243245125
0.0425039807955
0.0818015257517
0.199276987712
0.228209495544
0.179513661067
0.228300539653
0.141263564428
0.227722676595
0.0604991753896
0.113409113884
0.102512820562
0.0365662058194
0.106734569867
0.147361723582
0.113972949982
0.103607932727
0.105556090673
0.0392896731695
0.118013469378
0.0822960694631
0.0562629183133
0.179845317205
0.107543206215
0.103846049309
0.124549476306
0.0908351103465
0.0335495670636
0.19655512174
0.0685079971949
0.171519676844
0.0523045897484
0.0853510936101
0.119474983215
0.067795419693
0.145219055812
0.0894096295039
0.0398901065191
0.0728660027186
0.133069753647
0.118324462573
0.0725753068924
0.204935773214
0.0953108946482
0.110589639346
0.0480921705564
0.0590695063273
0.114146478971
0.196145121257
0.0669494311015
0.0711759328842
0.0675987641017
0.0710883935293
0.133604049683
0.124004244804
0.175663773219
0.113426144918
0.0723993301392
0.124549309413
0.119906870524
0.137622499466
0.139638932546
0.0346256732941
0.0416394710541
0.0705336173375
0.0952834367752
0.0394737521807
0.0902982234955
0.0530435641607
0.0864630699158
0.0961980183919
0.162828238805
0.159312041601
0.0677655140559
0.143265597026
0.12771393458
0.0366866429647
0.0346894741058
0.101319980621
0.0715973933538
0.10892496109
0.0807805538177
0.0683681646983
0.0648712436358
0.207636213303
0.044141403834
0.160337464015
0.123416026433
0.0710574467977
0.0344611883163
0.14181025823
0.149790112178
0.0480109333992
0.134236526489
0.0364799261093
0.105776413282
0.034627254804
0.0805574655533
0.0614282250404
0.0376933892568
0.139297231038
0.0747997919718
0.125680263837
0.138040494919
0.0785559972127
0.0891869544983
0.223153654734
0.0602358619372
0.0871658086777
0.0803657690684
0.0830625136693
0.0529240131378
0.0489596446355
0.0802671511968
0.167593685786
0.0455751816432
0.042544233799
0.0552444974581
0.0951512416204
0.158719285329
0.0432014783223
0.0360969901085
0.214936208725
0.13929901123
0.101949262619
0.0644194801648
0.280370012919
0.0715881347656
0.129478446643
0.0687953710556
0.0447605570157
0.202916463216
0.0880056063334
0.0462219278018
0.0572642445564
0.0480000694593
0.173126411438
0.0590908249219
0.0439756512642
0.0775813341141
0.148446718852
0.14977385203
0.201937675476
0.038886710008
0.137517325083
0.118067797025
0.0972955862681
0.115303007762
0.0930239518483
0.17539636294
0.0977261861165
0.0802441438039
0.0660844922066
0.0715778509776
0.13860057195
0.073997036616
0.208146254222
0.153531901042
0.237164847056
0.0364696621895
0.0637621720632
0.0378519574801
0.0531674186389
0.102024380366
0.115942645073
0.109662222862
0.181584612528
0.0835736592611
0.186527283986
0.0335577050845
0.189573669434
0.14588265419
0.052977391084
0.147127978007
0.0564616243045
0.0458788951238
0.0608305811882
0.143016322454
0.0386406024297
0.132290943464
0.180720551809
0.168882083893
0.208399295807
0.189918979009
0.0728168169657
0.143159770966
0.209171772003
0.11933631897
0.0769502003988
0.059030854702
0.107346232732
0.0966830412547
0.0427272200584
0.0727822144826
0.0958710273107
0.0649157245954
0.0798545122147
0.0798173904419
0.0393203218778
0.113309399287
0.10819486777
0.10043917497
0.0739066680272
0.0461308002472
0.157066106796
0.037019097805
0.221742773056
0.0647327065468
0.0630470673243
0.100842706362
0.103192122777
0.0825635751088
0.0698358853658
0.0914721568425
0.0749185164769
0.131579844157
0.102177381516
0.0352243026098
0.0759231567383
0.0839102824529
0.0336970408758
0.0801553964615
0.082844821612
0.132073028882
0.0460732579231
0.0839889208476
0.115770045916
0.0810702164968
0.117826509476
0.071869691213
0.110364500682
0.0623412847519
0.129989870389
0.145377826691
0.0518692096074
0.0588187098503
0.064893301328
0.0741859674454
0.108831620216
0.161244169871
0.138381433487
0.163138087591
0.0389309128126
0.0779369592667
0.120715181033
0.0452434857686
0.0447529157003
0.137585449219
0.0861421028773
0.0655476490657
0.0700143814087
0.0380417426427
0.085397362709
0.110373210907
0.0743201891581
0.171063359578
0.164149236679
0.109139768283
0.0997426668803
0.123723061879
0.22480840683
0.123833537102
0.0353308796883
0.10778632164
0.128339076042
0.192657566071
0.183128039042
0.0754868030548
0.123576680819
0.183369080226
0.109678777059
0.0396879315376
0.0674985488256
0.117415968577
0.0964948018392
0.124634552002
