0.031726500988
0.02
0.0229188942909
0.021012942791
0.0220755243301
0.02
0.02
0.02
0.02
0.02
0.0293394303322
0.0201577877998
0.0330921816826
0.0200843167305
0.02
0.02
0.02
0.020833466053
0.02
0.02
0.02
0.02
0.0200378656387
0.0201970124245
0.0201149654388
0.02
0.0200061058998
0.0359206557274
0.0205418753624
0.0205147314072
0.02
0.02
0.0296910357475
0.0200574231148
0.02
0.0557615804672
0.02
0.0226397061348
0.0200012207031
0.0201675844193
0.020161523819
0.0200134301186
0.0205718612671
0.0214157009125
0.02
0.0201675844193
0.0214240956306
0.0200036621094
0.0368115139008
0.0201284623146
0.020040307045
0.02
0.02
0.02
0.0209868812561
0.028305644989
0.02
0.02
0.0200390815735
0.0200562119484
0.0315205287933
0.0586176681519
0.0200024414063
0.0200012207031
0.0200134301186
0.0200036621094
0.0282330179214
0.0210155010223
0.02
0.02
0.0203714036942
0.0294600152969
0.0333371901512
0.0240235757828
0.0397201561928
0.02
0.0460286474228
0.02
0.0200012207031
0.0200623059273
0.0200770163536
0.0213201451302
0.0200012207031
0.0200097680092
0.021747803688
0.040720911026
0.0206545424461
0.0254767346382
0.0403123426437
0.020750105381
0.0392176032066
0.0228145670891
0.02
0.02
0.0200366449356
0.02
0.0201443004608
0.0267496275902
0.0200097680092
0.0200073242188
0.0200061058998
0.0332457113266
0.0472776603699
0.02
0.0211450076103
0.0201725149155
0.0200024414063
0.0200036621094
0.0200354146957
0.0358096408844
0.0269029450417
0.0374916648865
0.0266006493568
0.0200012207031
0.02
0.0200439691544
0.0232582473755
0.0200207567215
0.0320355534554
0.0375906920433
0.0352679467201
0.02
0.0226340866089
0.0201051187515
0.0210966658592
0.0396471905708
0.036029446125
0.0202006959915
0.0200562143326
0.0200012207031
0.0267798399925
0.02
0.0452899169922
0.02
0.02
0.02
0.02
0.0200464129448
0.0200109887123
0.02
0.0201628255844
0.0344883942604
0.0200207591057
0.02
0.02
0.0200024414063
0.0234586977959
0.0223999142647
0.0339000487328
0.02
0.0220358943939
0.047281794548
0.02
0.0379195666313
0.0200183153152
0.0227001261711
0.0202786493301
0.0200183153152
0.02
0.0334658241272
0.0411360216141
0.02
0.020311293602
0.0200012207031
0.0394311332703
0.0200476360321
0.0200244212151
0.02
0.0209979963303
0.02
0.0254762148857
0.02
0.0203764915466
0.0200439715385
0.02
0.0202240085602
0.0491925859451
0.0200048851967
0.0202338337898
0.0254782056808
0.0200451922417
0.0200085473061
0.02
0.02
0.0200012207031
0.0200329732895
0.02
0.0210755109787
0.02
0.0296368956566
0.0438848495483
0.02
0.0310810303688
0.02
0.0270871686935
0.024334256649
0.0200036621094
0.0308153510094
0.0201822948456
0.02
0.0202019309998
0.02
0.0284279942513
0.02
0.02
0.0373469567299
0.02
0.02
0.02
0.02
0.02
0.0201296019554
0.0200647497177
0.0200843167305
0.0357134270668
0.0280840110779
0.0353566408157
0.0208767700195
0.02
0.02
0.02
0.02
0.0214691996574
0.0286383914948
0.0200073266029
0.02
0.0204677343369
0.0210532665253
0.0200061058998
0.0397054481506
0.0234519433975
0.0387553668022
0.02
0.02
0.02
0.036392493248
0.021071703434
0.0206433939934
0.02
0.0208833599091
0.0200843286514
0.02
0.0200451898575
0.0200048851967
0.02
0.02
0.02
0.0201406288147
0.0268888282776
0.0588172245026
0.026592271328
0.0200036621094
0.0200904512405
0.0200329709053
0.0201088619232
0.02
0.0201124668121
0.020074532032
0.0536597967148
0.02
0.02
0.0200378584862
0.0223233294487
0.0247207522392
0.0757078361511
0.0200048851967
0.02
0.0254055190086
0.02
0.02
0.02
0.02
0.0219946050644
0.0200012207031
0.0200097703934
0.0200048851967
0.02
0.0257587099075
0.02
0.02
0.02
0.02
0.02
0.0258071541786
0.0368471360207
0.02
0.0281648635864
0.038751142025
0.02
0.0200170946121
0.02
0.02
0.02
0.0200941205025
0.0270079040527
0.0200941061974
0.02
0.02
0.02
0.0393701195717
0.02
0.02
0.0200024414063
0.02
0.02
0.0200036621094
0.0200195360184
0.038267595768
0.0210479402542
0.0286179995537
0.02
0.020595331192
0.02
0.02
0.0202731394768
0.0215939545631
0.02
0.02
0.0200061058998
0.02
0.02
0.02
0.02
0.0200439810753
0.0200219798088
0.0200158715248
0.02
0.02
0.0232425022125
0.02
0.0200354146957
0.02
0.0329380822182
0.02
0.0403473329544
0.0442481422424
0.0200012207031
0.020283613205
0.0200158715248
0.02
0.0200659990311
0.0201161360741
0.02
0.02
0.0203014922142
0.02
0.0233831572533
0.0411874628067
0.0246917891502
0.0202227783203
0.02
0.0200036621094
0.02
0.02
0.02
0.0284287619591
0.0212479448318
0.0200892496109
0.0200830936432
0.02
0.0306800174713
0.02
0.0279033994675
0.0200012207031
0.02
0.0200500798225
0.02
0.0243804979324
0.0200317525864
0.02
0.0200305366516
0.02
0.02
0.0200048851967
0.02
0.02
0.02
0.02
0.0279179692268
0.02
0.0202548646927
0.02
0.0273553538322
0.02
0.0200061058998
0.040580868721
0.02
0.02
0.0256298851967
0.02
0.02
0.0200598597527
0.0248726868629
0.0287658023834
0.0202915740013
0.0200464296341
0.02
0.0200757622719
0.0313695001602
0.02
0.0215610909462
0.02
0.0202891206741
0.0295067811012
0.0200012207031
0.02
0.021181743145
0.0204911971092
0.0401763153076
0.02
0.0229333305359
0.0200672125816
0.02
0.0200097680092
0.02
0.02
0.02
0.02
0.0200219798088
0.02
0.020971763134
0.02
0.02
0.02
0.0258762788773
0.0200219798088
0.0200500798225
0.0200024414063
0.0200280928612
0.0399145579338
0.020139400959
0.02
0.0242895174026
0.0200818705559
0.02
0.0200953865051
0.0228359460831
0.02
0.0200048851967
0.02
0.02
0.02
0.02
0.0200586390495
0.02
0.0203370785713
0.0215334320068
0.0200073242188
0.0200024414063
0.02
0.0200024414063
0.0238677978516
0.0215946292877
0.02
0.0200061058998
0.02
0.042894153595
0.0200390911102
0.02
0.02
0.0200024414063
0.0201136851311
0.0200061058998
0.02
0.0204257941246
0.0200146508217
0.02
0.02
0.02
0.02
0.0200061058998
0.02
0.0201554656029
0.02
0.0201161360741
0.02
0.0207011795044
0.026608080864
0.0213878679276
0.0318777060509
0.0252911782265
0.0203370785713
0.02
0.038844640255
0.02
0.0336135959625
0.02
0.02
0.0292514133453
0.0200061058998
0.02
0.02
0.0201565527916
0.02
0.0255829167366
0.02
0.02
0.02
0.0231427907944
0.02
0.02
0.0259767103195
0.0403881406784
0.02
0.02
0.0200635385513
0.02
0.0200012207031
0.0200048851967
0.0200085473061
0.0200586366653
0.0258562397957
0.02
0.0200012207031
0.034156627655
0.02
0.0200647521019
0.02
0.02
0.02
0.02
0.0236657643318
0.02
0.02
0.02
0.0380173802376
0.02
0.0200207614899
0.0200024414063
0.0200061058998
0.0200317549706
0.0200183129311
0.02
0.0201002240181
0.02
0.0200036621094
0.02
0.0200048851967
0.020560426712
0.0200488591194
0.0396810173988
0.02
0.02
0.0343915605545
0.02
0.0352284526825
0.02
0.0264122867584
0.0250049543381
0.02
0.0200769782066
0.0261742782593
0.0201823449135
0.02
0.02
0.02
0.02
0.02
0.0200403022766
0.02
0.030466709137
0.02
0.02
0.0235824036598
0.0213216090202
0.0390879297256
0.0200012207031
0.02
0.0218733334541
0.0200219798088
0.02
0.0207380366325
0.02
0.02
0.02
0.0203309297562
0.020015873909
0.0200024414063
0.0200012207031
0.0200195360184
0.02
0.02
0.02
0.0200415253639
0.0248867726326
0.0230208873749
0.02
0.0211317682266
0.02
0.0211867427826
0.040363574028
0.0200012207031
0.02
0.0200109887123
0.02
0.0258976626396
0.0394800567627
0.0377004647255
0.0201185822487
0.0200696587563
0.02
0.0348308944702
0.0340687274933
0.0401050853729
0.02
0.02
0.0200097680092
0.02
0.0201835370064
0.02
0.02
0.0218091607094
0.0200024414063
0.0202154183388
0.0200317549706
0.02
0.02
0.02
0.0267413330078
0.02
0.0200439715385
0.02
0.035684762001
0.02
0.0200061058998
0.0200403022766
0.0209214639664
0.02
0.0387968039513
0.0237142014503
0.02
0.0200061058998
0.02
0.0207637786865
0.02
0.02
0.02
0.0203493905067
0.02
0.02
0.0231489515305
0.02
0.0360507750511
0.0244788551331
0.02
0.02
0.0200012207031
0.0200170946121
0.0242439723015
0.02
0.02
0.0200085473061
0.02
0.02
0.0378049826622
0.0227232456207
0.02
0.0224395728111
0.02
0.02
0.0212734937668
0.02
0.0200733089447
0.0200048851967
0.02
0.02
0.02
0.02
0.0200085473061
0.0332259011269
0.02
0.02
0.0203149366379
0.0271682572365
0.0200036621094
0.0350460124016
0.02
0.02
0.02
0.02
0.0256900024414
0.0200183129311
0.02
0.02
0.02
0.0202190995216
0.0200122094154
0.02
0.02
0.02
0.0209133243561
0.0398795843124
0.022689845562
0.02
0.0206270074844
0.02
0.0203252434731
0.031451587677
0.02
0.02
0.0200122094154
0.02
0.02
0.020015873909
0.02
0.0200158715248
0.02
0.0256583094597
0.0312261652946
0.0330481123924
0.0427817106247
0.02
0.0200012207031
0.02
0.02
0.0204702329636
0.0352532982826
0.0200024414063
0.02
0.0201308298111
0.0200012207031
0.020096552372
0.02
0.0200073266029
0.0204936790466
0.0230570101738
0.0269982385635
0.02
0.0200305294991
0.0200659704208
0.02
0.0209143710136
0.0205834102631
0.02
0.020545630455
0.020346455574
0.02
0.02
0.02
0.0200366401672
0.0224914669991
0.0206495881081
0.0203690886497
0.0201761698723
0.02
0.0203838968277
0.0200024414063
0.0217505049706
0.0200207591057
0.02
0.02
0.02
0.0206433773041
0.0357546520233
0.02
0.02
0.02
0.0200073242188
0.02
0.0200024414063
0.02
0.02
0.02
0.02
0.02
0.0206733679771
0.0241475391388
0.02
0.0202043676376
0.0202596211433
0.02
0.0200024414063
0.02
0.0200012207031
0.0352575445175
0.0200048851967
0.0200439691544
0.02
0.02
0.02
0.02
0.0200158715248
0.02
0.02
0.022000067234
0.0200012207031
0.0285856628418
0.0206452965736
0.02
0.02
0.02
0.0200012207031
0.0257710623741
0.0200012207031
0.020096552372
0.02
0.0200024414063
0.0412920713425
0.02
0.0218288826942
0.02
0.02
0.0201038980484
0.0200855469704
0.02
0.02
0.02
0.02
0.02
0.0201430749893
0.0200232005119
0.02
0.0200305318832
0.02
0.02
0.0200012207031
0.025296318531
0.02
0.02
0.0394793319702
0.0200207591057
0.0200427508354
0.0200354146957
0.02
0.0201406407356
0.0381831502914
0.02
0.0292772984505
0.0305096483231
0.0221763038635
0.02
0.02
0.0200415349007
0.0215378403664
0.0333124923706
0.035382437706
0.0200427603722
0.02
0.0200109887123
0.02
0.0251840281487
0.02
0.02
0.0200048851967
0.02
0.0201247048378
0.02
0.0218526339531
0.0200012207031
0.02
0.0200904345512
0.02
0.0389300632477
0.02
0.02
0.0200305318832
0.020097784996
0.0200892090797
0.039653968811
0.0420554542542
0.0200904369354
0.0200488591194
0.02
0.0370135188103
0.0280860900879
0.0200048851967
0.0226808381081
0.02
0.0200122094154
0.02
0.02
0.02
0.0399838519096
0.02
0.0200684189796
0.0351436901093
0.02
0.0265716934204
0.0202365636826
0.0207477664948
0.0321659636497
0.0200012207031
0.0200268673897
0.0279863786697
0.0200635313988
0.02
0.02
0.0200293087959
0.02
0.02
0.0254216647148
0.0378930926323
0.0221712398529
0.0200097680092
0.020046415329
0.0241855573654
0.0200122094154
0.0210432839394
0.02
0.02
0.02
0.02
0.0210312795639
0.0290449857712
0.0209031605721
0.0200036621094
0.0200048851967
0.0369086647034
0.0200012207031
0.02
0.02
0.0200183129311
0.02
0.02
0.022323243618
0.0254194259644
0.0208371663094
0.02
0.0203390169144
0.0261446928978
0.02
0.02
0.02
0.033723859787
0.02
0.0388350701332
0.020658352375
0.02
0.02
0.02
0.02
0.0211104846001
0.0200195360184
0.0210704302788
0.02
0.02
0.02
0.030579726696
0.02
0.0204361891747
0.0200207591057
0.0395013070107
0.0200036621094
0.0213300228119
0.0202068209648
0.0261597418785
0.0293115663528
0.025127491951
0.0200012207031
0.0210821342468
0.0203699207306
0.02
0.02
0.0325277781487
0.0203977942467
0.0202276873589
0.0202240562439
0.0200183153152
0.0214861226082
0.02
0.02
0.0200024414063
0.02
0.0215506720543
0.02
0.02
0.02
0.02
0.0200097680092
0.02
0.0200219798088
0.0200219774246
0.02
0.0203112411499
0.0223616027832
0.02
0.0200170922279
0.0200916838646
0.0200048851967
0.0327903223038
0.02044703722
0.02
0.0200085473061
0.039701423645
0.02
0.0202240085602
0.0203498244286
0.02
0.02
0.0200513005257
0.02
0.0400831890106
0.02
0.0366682529449
0.02
0.02
0.0200329732895
0.0200012207031
0.02
0.02
