-532.750732422
-461.729736328
-485.734802246
-476.457855225
-526.453308105
-479.69342041
-470.168395996
-546.771728516
-571.089599609
-478.186431885
-509.980102539
-565.69519043
-444.993438721
-518.473083496
-520.82043457
-483.104370117
-463.002105713
-584.298156738
-529.767822266
-530.669250488
-563.306884766
-498.026031494
-541.137817383
-508.763244629
-467.186218262
-488.768493652
-443.407806396
-551.302001953
-463.260467529
-574.998474121
-471.644958496
-538.592102051
-530.696655273
-544.110656738
-502.431091309
-475.466064453
-474.760437012
-614.24798584
-548.951049805
-536.291320801
-430.839477539
-453.135131836
-552.177856445
-539.551208496
-546.90802002
-552.840209961
-523.749145508
-516.898193359
-542.531921387
-559.507080078
-498.305419922
-485.84967041
-435.697998047
-585.863098145
-463.05960083
-471.837432861
-427.013977051
-472.920471191
-546.660217285
-474.187957764
-590.334289551
-474.358123779
-523.313049316
-557.566894531
-537.185424805
-562.456359863
-525.425476074
-571.169189453
-476.37387085
-476.433563232
-527.658203125
-451.363067627
-434.399169922
-521.98236084
-509.227325439
-477.173248291
-454.441711426
-594.579162598
-525.086547852
-605.293212891
-472.080535889
-498.275268555
-522.108764648
-500.895355225
-537.631713867
-519.831848145
-521.96661377
-514.326782227
-444.404754639
-572.984741211
-509.487243652
-586.113708496
-558.246948242
-457.20111084
-518.157226562
-561.02154541
-528.028198242
-483.683929443
-546.922180176
-527.286682129
-524.251708984
-519.923217773
-516.239135742
-485.265563965
-582.62512207
-555.151672363
-460.829223633
-474.900848389
-456.620910645
-546.319458008
-482.403991699
-435.309204102
-500.522979736
-493.367858887
-502.624298096
-538.53692627
-490.580413818
-468.834991455
-531.220458984
-465.115264893
-550.561157227
-551.924865723
-394.033050537
-581.10168457
-438.421447754
-522.886291504
-493.409393311
-506.424987793
-466.662109375
-565.13067627
-483.59564209
-466.136871338
-439.154449463
-566.916564941
-527.567016602
-508.40625
-554.954406738
-453.489868164
-527.266113281
-510.951019287
-518.955322266
-466.701416016
-561.703186035
-516.353149414
-494.643280029
-592.05871582
-457.593841553
-429.073516846
-512.661499023
-479.728881836
-469.434539795
-362.120025635
-525.73840332
-461.197540283
-499.210845947
-447.512542725
-477.52557373
-549.12713623
-506.298370361
-458.847137451
-508.453643799
-483.147155762
-496.348297119
-513.623779297
-549.242675781
-443.408996582
-457.405578613
-508.742034912
-470.223632812
-512.816833496
-430.68170166
-509.088439941
-453.853240967
-516.592712402
-530.235717773
-464.043945312
-522.102172852
-418.762176514
-458.075012207
-547.899597168
-503.648681641
-499.302734375
-543.924255371
-434.466186523
-498.383392334
-486.943267822
-492.587982178
-546.303955078
-501.728271484
-457.815460205
-469.890197754
-473.301361084
-517.93182373
-460.820098877
-473.916381836
-512.41027832
-554.6328125
-458.93762207
-463.98236084
-433.597717285
