0.0136937777201
0.036299940745
0.0267852560679
0.0167268371582
0.013674141566
0.0136042070389
0.0204350137711
0.0346391073863
0.0133488019307
0.0171745332082
0.0149125051498
0.0138755051295
0.0156031656265
0.0240161180496
0.124084192912
0.0446610736847
0.0195650529861
0.0144541597366
0.0155988629659
0.0312692228953
0.0277856032054
0.0507482624054
0.0138810364405
0.021141928037
0.0331214777629
0.0452404848735
0.0272431437174
0.0327467568715
0.0313161722819
0.027453435262
0.0239010604223
0.0167894570033
0.0159476296107
0.0401092592875
0.0225257905324
0.0408071041107
0.0134953625997
0.0133374039332
0.0206979894638
0.046748565038
0.0141936254501
0.0234762366613
0.0165899340312
0.0296813042959
0.0212960100174
0.0136484066645
0.0369690450033
0.0147453324
0.0737317339579
0.0261328061422
0.0601525306702
0.0536747487386
0.0145731019974
0.0192030413946
0.0153745365143
0.018165678978
0.0588175328573
0.0322057088216
0.0141130956014
0.0527069664001
0.0427955341339
0.0255890989304
0.0311562124888
0.0136866792043
0.038552757899
0.0319660536448
0.0414042123159
0.023311475118
0.0136703586578
0.0183810249964
0.0274262650808
0.0442934481303
0.06077612559
0.0495397249858
0.0313517951965
0.014126051267
0.0553293609619
0.0216563288371
0.0189986101786
0.0208439715703
0.0164279731115
0.0381083456675
0.0250709644953
0.0350364367167
0.0428923257192
0.0216910727819
0.0147084267934
0.0717022323608
0.0139776007334
0.0608392651876
0.0460129928589
0.0695223490397
0.0304367319743
0.0290013726552
0.0221593316396
0.036783135732
0.125716044108
0.0748837089539
0.0784371757507
0.0395359961192
0.0360229841868
0.0304116725922
0.0323259131114
0.0899294789632
0.054393081665
0.0206964572271
0.0306072330475
0.0687536112467
0.0529450861613
0.0275520833333
0.104130210876
0.0302248287201
0.020256207784
0.0765849558512
0.0225709311167
0.0143994871775
0.0624579238892
0.0708630752563
0.0176451317469
0.0264920488993
0.152355448405
0.032055238088
0.0267898654938
0.0401061089834
0.0216798273722
0.0575483194987
0.0794983355204
0.105708427429
0.0149528328578
0.0168757263819
0.0237296613057
0.0799748484294
0.0311052640279
0.0742111142476
0.0441400369008
0.0666365750631
0.0517296759288
0.0614335632324
0.0395283985138
0.041180639267
0.0190895636876
0.0736067390442
0.0146918948491
0.0182703018188
0.0387337462107
0.0517010879517
0.0495461686452
0.0479777971903
0.0637744140625
0.0995692761739
0.0837149047852
0.0270348866781
0.0164974053701
0.0672887738546
0.0944816080729
0.0495101324717
0.057742767334
0.019750102361
0.0208431545893
0.0459629122416
0.0170696496964
0.130220158895
0.0502465693156
0.044193798701
0.0217939535777
0.0179510847727
0.0841025161743
0.0343855921427
0.031876745224
0.0164961115519
0.0153608401616
0.131163164775
0.178877563477
0.0360438791911
0.0939284006755
0.0918716621399
0.0143583838145
0.0144216903051
0.0636201413472
0.157615559896
0.0990488624573
0.125120519002
0.0396084976196
0.0324389044444
0.0513468901316
0.0871809387207
0.0293987909953
0.136137148539
0.148722546895
0.053245010376
0.02140756766
0.136489435832
0.0287944602966
0.0220213301977
0.0645122782389
0.0843779818217
0.0427560997009
0.0731844393412
0.0388826020559
0.0288367557526
