-519.839294434
-570.883972168
-442.691070557
-385.399902344
-306.510620117
-340.490936279
-277.316650391
-400.289916992
-360.931091309
-391.807067871
-258.389068604
-295.939880371
-294.122741699
-338.11907959
-360.886932373
-300.424682617
-307.496551514
-243.450256348
-377.338806152
-333.741729736
-338.206604004
-289.353424072
-284.484405518
-312.574523926
-305.853240967
-289.479095459
-265.670837402
-343.72769165
-237.708633423
-261.447906494
-328.643951416
-317.482666016
-380.896209717
-325.729217529
-301.99130249
-228.735687256
-207.556732178
-230.545394897
-255.924301147
-249.677932739
-350.743743896
-288.700500488
-276.850463867
-393.260559082
-371.774658203
-270.490356445
-305.603363037
-282.152282715
-270.297088623
-259.036895752
-271.748657227
-262.467254639
-320.763122559
-282.61328125
-231.721603394
-251.428543091
-211.416503906
-314.393035889
-246.932281494
-270.339874268
-364.527832031
-311.040283203
-301.572540283
-269.806884766
-365.906799316
-302.362426758
-249.424728394
-220.590408325
-236.194488525
-267.673034668
-304.3253479
-254.146453857
-231.559906006
-350.718231201
-243.418273926
-282.554382324
-351.485168457
-338.932983398
-306.864227295
-338.888793945
-304.537780762
-353.292022705
-254.684448242
-370.48147583
-224.980743408
-311.272033691
-337.15637207
-387.773681641
-236.326004028
-200.959335327
-232.496292114
-289.80480957
-277.737854004
-306.176391602
-244.086517334
-272.426086426
-323.63671875
-363.261322021
-274.78527832
-345.43838501
-318.802001953
-281.000152588
-337.704956055
-296.592529297
-345.640594482
-293.505157471
-272.713439941
-269.537567139
-339.819458008
-267.897460938
-249.465957642
-305.49407959
-350.945587158
-259.477355957
-252.091445923
-339.976898193
-292.492218018
-238.729934692
-272.409606934
-339.188201904
-293.500762939
-325.531158447
-337.979187012
-286.127563477
-294.988830566
-318.302001953
-264.521118164
-277.773040771
-320.593261719
-284.308227539
-288.733734131
-240.00227356
-417.128540039
-317.54901123
-255.888015747
-263.275817871
-269.932830811
-264.362792969
-245.843597412
-316.425079346
-302.257720947
-318.699371338
-338.714141846
-262.593658447
-240.220962524
-303.313171387
-289.111724854
-341.616821289
-268.706054688
-269.180511475
-286.962371826
-223.808456421
-284.083343506
-351.326416016
-311.189666748
-249.077560425
-200.390396118
-355.452270508
-310.994506836
-252.770263672
-192.331344604
-361.581054688
-212.042297363
-313.011901855
-232.524368286
-288.955963135
-257.939361572
-378.274139404
-308.773986816
-298.596740723
-298.771820068
-341.910552979
-228.733901978
-293.054077148
-310.115509033
-261.130889893
-435.030059814
-347.54788208
-393.1043396
-256.376647949
-277.80960083
-303.831085205
-302.418212891
-317.200622559
-381.919525146
-300.679107666
-303.649108887
-271.534301758
-244.910842896
-350.357421875
-272.720062256
-330.985778809
-300.888061523
-282.684875488
-336.899932861
-260.37713623
-283.649810791
-302.299957275
-310.159759521
-319.637634277
-380.102905273
-313.233947754
-349.702758789
-211.632369995
-289.209899902
-272.663085938
-340.866821289
-258.562103271
-267.249206543
-320.496612549
-336.750457764
-333.359619141
-268.489776611
-234.461242676
-296.815490723
-409.527618408
-284.455841064
-301.709716797
-306.280700684
-352.383270264
-346.262695312
-350.123809814
-268.51071167
-261.035430908
-433.289611816
-265.901031494
-235.010070801
-252.986831665
-377.326873779
-307.736083984
-211.306518555
-293.821990967
-306.090209961
-304.322906494
-265.459289551
-267.551544189
-319.478363037
-401.531799316
-345.990905762
-372.763885498
-293.202850342
-257.719268799
-337.369628906
-304.991088867
-317.552093506
-241.749557495
-251.573120117
-212.739654541
-360.23815918
-288.85345459
-331.602905273
-311.13369751
-218.958221436
-299.039794922
-323.650817871
-267.619415283
-367.591583252
-257.823059082
-280.951568604
-302.94619751
-256.1065979
-390.415008545
-314.875366211
-261.442504883
-300.557525635
-300.907348633
-347.939422607
-237.206039429
-302.241882324
-243.634140015
-246.444869995
-296.101196289
-341.173675537
-312.975585938
-364.889221191
-285.81439209
-264.979370117
-395.229034424
-303.565246582
-302.699523926
-294.817718506
-318.527130127
-271.52633667
-260.360595703
-295.787597656
-262.044067383
-364.280334473
-305.688476562
-309.811462402
-327.336791992
-368.090148926
-386.681060791
-308.575714111
-299.366394043
-236.026901245
-277.854278564
-265.61807251
-301.973937988
-264.780059814
-237.635894775
-292.629364014
-246.446777344
-263.952270508
-253.283660889
-250.501022339
-222.20425415
-213.927947998
-267.018707275
-315.7784729
-252.509796143
-279.093017578
-338.826965332
-241.904464722
-217.765319824
-341.374542236
-254.194595337
-411.031402588
-280.6640625
-334.553131104
-351.600646973
-273.967041016
-217.053985596
-202.1822052
-325.334411621
-243.702301025
-331.36730957
-277.131378174
-289.359161377
-230.151123047
-315.509124756
-372.897369385
-298.683563232
-297.14465332
-252.206375122
-290.557281494
-260.489013672
-272.742126465
-243.284225464
-296.759796143
-313.266540527
-260.501586914
-228.051803589
-241.544876099
-296.85244751
-259.19732666
-373.516540527
-299.098999023
-385.400970459
-318.900604248
-248.320663452
-300.579528809
-303.005462646
-236.863433838
-217.393890381
-313.56149292
-371.284515381
-240.219665527
-247.119277954
-266.739227295
-257.86138916
-325.538452148
-337.989654541
-237.870376587
-278.345489502
-305.737426758
-373.316802979
-340.631469727
-416.458618164
-214.889953613
-231.304641724
-246.957611084
-344.70803833
-270.107971191
-310.375549316
-316.021453857
-322.202178955
-315.061340332
-307.292327881
-278.651550293
-375.050628662
-285.072906494
-242.232269287
-338.537109375
-327.752624512
-278.620361328
-217.616638184
-335.663330078
-356.743652344
-299.395965576
-330.632293701
-292.255767822
-320.227539062
-338.693359375
-273.693878174
-245.136398315
-336.073364258
-267.478118896
-221.589202881
-281.416473389
-248.656112671
-234.749130249
-243.436706543
-266.753601074
-223.438858032
-272.649261475
-227.634811401
-299.259552002
-252.286560059
-337.958984375
-362.460083008
-277.380462646
-246.48236084
-339.216949463
-255.855606079
-243.822372437
-329.054199219
-357.514801025
-286.321105957
-265.755523682
-248.741943359
-271.826324463
-285.675201416
-231.741912842
-342.227874756
-289.105041504
-334.466918945
-298.630645752
-377.258972168
-287.218444824
-331.647399902
-313.978607178
-201.47706604
-335.251739502
-253.573364258
-272.545349121
-345.05960083
-280.533111572
-260.659942627
-343.945800781
-363.973632812
-353.187957764
-276.62109375
-232.940689087
-274.984924316
-326.324615479
-340.070831299
-316.341705322
-274.889160156
-280.287017822
-340.23614502
-252.64994812
-251.391876221
-294.412109375
-273.958343506
-228.917678833
-292.026306152
-334.34854126
-305.665985107
-327.063140869
-245.343536377
-234.152481079
-271.723052979
-256.071777344
-358.817749023
-327.304443359
-339.302490234
-325.656066895
-397.142608643
-271.931396484
-330.942199707
-311.889160156
-262.756408691
-308.097930908
-262.690795898
-360.680969238
-274.745483398
-272.081237793
-311.259124756
-256.5418396
-226.593826294
-233.877212524
-299.586669922
-283.759399414
-327.169219971
-236.235794067
-357.296295166
-298.229705811
-284.26663208
-235.069564819
-279.009155273
-300.532836914
-266.289428711
-201.804824829
-368.543121338
-242.388320923
-201.812057495
-312.273925781
-213.718704224
-300.674224854
-326.445770264
-213.160797119
-300.020050049
-240.579330444
-345.95324707
-294.345672607
-239.330230713
-406.503875732
-284.628143311
-278.325256348
-309.135162354
-361.680877686
-294.179595947
-340.854766846
-307.559020996
-356.277526855
-259.233184814
-235.754043579
-269.677734375
-355.734893799
-299.990142822
-365.282287598
-337.437286377
-243.037582397
-226.68850708
-250.577972412
-324.352661133
-296.873260498
-286.505706787
-229.331665039
-257.418609619
-315.658966064
-316.867095947
-329.906555176
-278.287658691
-252.827926636
-353.821166992
-263.340270996
-262.694763184
-275.618743896
-183.358474731
-299.232513428
-254.935165405
-435.144714355
-301.024993896
-207.753097534
-265.06552124
-359.971160889
-250.915145874
-230.488739014
-236.412277222
-204.447021484
-285.948730469
-229.605758667
-247.869689941
-266.163787842
-268.915771484
-196.449935913
-262.636688232
-312.657745361
-287.211853027
-210.184814453
-269.544677734
-253.007492065
-320.379455566
-211.313598633
-360.282745361
-357.554901123
-301.907440186
-246.885772705
-253.872650146
-259.829071045
-213.810592651
-257.190246582
-337.453430176
-313.173828125
-286.729492188
-321.069244385
-308.127288818
-313.441040039
-267.050720215
-348.380371094
-283.361816406
-238.303115845
-280.769287109
-339.996948242
-215.72479248
-198.758010864
-289.950195312
-242.649871826
-256.209228516
-305.10446167
-284.192169189
-218.256790161
-245.731445312
-272.067932129
-254.672515869
-239.5131073
-208.60043335
-223.792678833
-219.375091553
-245.148986816
-235.235855103
-289.44442749
-367.874572754
-324.942382812
-264.964904785
-302.014038086
-267.382324219
-215.882492065
-347.216949463
-245.753967285
-312.149047852
-271.111999512
-299.843597412
-371.460754395
-271.991851807
-308.440643311
-281.226623535
-361.50302124
-230.316177368
-243.569564819
-258.450714111
-282.356109619
-239.186309814
-317.614471436
-238.85043335
-237.412384033
-352.194000244
-262.053710938
-357.758270264
-320.381164551
-247.675506592
-404.401367188
-277.475311279
-216.086380005
-212.755004883
-342.340209961
-380.076477051
-281.824584961
-254.728225708
-252.386459351
-313.543670654
-266.964019775
-252.69682312
-351.569671631
-289.543640137
-254.951599121
-226.918823242
-225.096893311
-226.431045532
-231.482421875
-303.261260986
-303.583526611
-318.464141846
-215.818435669
-282.222167969
-241.650360107
-332.134857178
-254.77180481
-438.245910645
-262.278015137
-248.70135498
-317.700775146
-232.703521729
-229.514221191
-325.728973389
-364.360107422
-323.815124512
-360.666625977
-301.177612305
-245.340667725
-267.173461914
-241.770141602
-337.930084229
-323.280456543
-314.377441406
-260.710693359
-246.377716064
-326.130950928
-431.881866455
-310.482727051
-249.318618774
-330.57232666
-298.84262085
-228.049102783
-232.316238403
-301.162384033
-290.796295166
-247.383728027
-277.643218994
-303.517822266
-240.037582397
-249.962799072
-185.948806763
-222.216506958
-293.464233398
-275.840301514
-284.163391113
-293.582397461
-287.916687012
-321.59375
-377.197814941
-302.117004395
-397.050292969
-246.397155762
-243.059707642
-266.629333496
-324.994689941
-255.153762817
-312.622344971
-404.713897705
-289.193481445
-273.966766357
-225.000656128
-299.049316406
-190.501419067
-243.010559082
-236.324615479
-287.994384766
-275.252044678
-235.685012817
-272.94418335
-234.319259644
-232.756744385
-378.214874268
-242.019821167
-237.309371948
-356.443359375
-246.933624268
-234.556900024
-296.052429199
-295.803314209
-185.362854004
-276.279174805
-318.423858643
-201.787322998
-217.931716919
-251.390060425
-344.324554443
-195.800476074
-234.114105225
-224.000335693
-284.412414551
-314.453674316
-323.211547852
-414.474090576
-248.711791992
-237.909210205
-365.79208374
-302.684875488
-298.550842285
-314.259979248
-185.002410889
-283.76953125
-284.851043701
-264.369049072
-212.609405518
-310.955474854
-250.414825439
-233.438598633
-221.643737793
-302.302764893
-237.165008545
-235.230407715
-247.004898071
-212.886566162
-261.464904785
-250.961608887
-292.555267334
-242.434585571
-238.881607056
-246.840835571
-290.798370361
-258.157348633
-294.095581055
-258.802490234
-279.17868042
-298.07611084
-209.203186035
-267.511444092
-250.075378418
-259.861022949
-220.272079468
-326.603546143
-242.172851562
-237.449310303
-292.700500488
-258.767120361
-293.194213867
-246.909362793
-304.382293701
-345.942596436
-302.343444824
-357.203338623
-309.611968994
-247.974517822
-299.240325928
-349.65612793
-385.897583008
-257.063110352
-289.249206543
-264.493103027
-365.721496582
-258.945159912
-242.002349854
-254.423553467
-243.410552979
-209.737014771
-234.332214355
-260.496795654
-277.934051514
-233.914459229
-317.633178711
-260.574066162
-296.71105957
-227.768814087
-257.516021729
-246.558120728
-251.459945679
-293.193511963
-297.771850586
-190.003753662
-394.500610352
-381.001251221
-224.670928955
-250.485137939
-342.755859375
-286.218902588
-312.656066895
-296.165039062
-308.080169678
-261.251831055
-258.42565918
-329.701843262
-314.258575439
-301.860809326
-254.266357422
-306.923522949
-223.769119263
-298.535552979
-287.459381104
-290.163879395
-279.828643799
-299.130615234
-357.780670166
-226.539199829
-248.55821228
-257.765319824
-331.821868896
-271.940460205
-254.376464844
-293.776153564
-252.673278809
-263.928833008
-307.256317139
-367.106262207
-316.678405762
-256.631530762
-271.022277832
-287.311462402
-233.303421021
-225.463241577
-316.922607422
-220.104141235
-239.978668213
-268.553710938
-280.868164062
-311.400390625
-305.599121094
-212.051422119
-208.558349609
-356.232574463
-224.358276367
-313.712860107
-333.335662842
-339.768005371
-286.313537598
-261.808959961
-322.020751953
-268.114685059
-276.76940918
-312.830505371
-267.453125
-189.498306274
-228.044342041
-262.096893311
-404.85760498
-206.7449646
-331.580810547
-279.476593018
-174.104324341
-315.944488525
-214.570587158
-257.926116943
-266.22845459
-308.77154541
-273.628845215
-315.750366211
-282.490905762
-342.265777588
-254.730621338
-259.765594482
-347.398742676
-295.362701416
-209.693481445
-291.42791748
-224.068405151
-202.907348633
-300.736785889
-379.952911377
-322.581848145
-207.389465332
-270.730377197
-217.882385254
-207.716308594
-201.60597229
-269.15335083
-255.308288574
-325.502166748
-292.58984375
-214.403717041
-289.432556152
-330.098571777
-259.013793945
-242.966247559
-321.500549316
-192.888839722
-289.627929688
-264.673980713
-326.203277588
-216.122451782
-264.112548828
-269.246612549
-263.947753906
-267.696746826
-356.452453613
-303.00479126
-230.061218262
-320.489624023
-236.351425171
-293.373016357
-374.619506836
-363.005554199
-303.315795898
-318.475463867
-270.439086914
-318.687408447
-243.019592285
-244.264251709
-209.82975769
-343.923278809
-344.505401611
-175.670425415
-209.957870483
-340.454650879
-385.851470947
-275.740570068
-213.83291626
-309.163024902
-274.901885986
-237.813659668
-277.657745361
-272.375793457
-340.653717041
-269.354278564
-306.269012451
-245.597732544
-247.463424683
-324.041259766
-351.995452881
-312.976135254
-188.651153564
-249.783279419
-289.342285156
-224.717514038
-273.712982178
-251.061019897
-230.712371826
-259.510314941
-280.722900391
-254.016357422
-316.11114502
-274.032958984
-303.096740723
-246.930267334
-260.384155273
-331.507202148
-279.710510254
-229.360595703
-334.109405518
-326.244293213
-317.195129395
-383.091003418
-313.158294678
-286.006225586
-226.716705322
-292.161254883
-256.12487793
-359.420196533
-259.591064453
