0.02
0.0200036621094
0.02
0.0212227344513
0.02
0.0407293367386
0.02
0.0244449043274
0.0202747011185
0.02
0.0202645277977
0.0385845136642
0.0200024414063
0.0200024414063
0.0445356082916
0.0210536122322
0.0200036621094
0.02
0.02
0.02
0.02
0.0211869168282
0.02
0.02
0.02
0.02
0.02
0.0282728743553
0.02
0.023749358654
0.02
0.02
0.0217782735825
0.0200048851967
0.02
0.02
0.02
0.0462379074097
0.0560007190704
0.0277234816551
0.02
0.02
0.02
0.02
0.02
0.02
0.02
0.0203087878227
0.02
0.0294369244576
0.02
0.02
0.02
0.02
0.02
0.0206074523926
0.02
0.02
0.02
0.0200012207031
0.02
0.02
0.02
0.020046415329
0.02
0.0266450381279
0.02
0.027392168045
0.02
0.0200012207031
0.0246172118187
0.02
0.02
0.02
0.02
0.02
0.0201406240463
0.0240736627579
0.02
0.0200684189796
0.02
0.02
0.0204155945778
0.02
0.02
0.0228494477272
0.02
0.02
0.0225549197197
0.0204207158089
0.0200073242188
0.02
0.02
0.02
0.02
0.0200831055641
0.0240225839615
0.02
0.0200073242188
0.0200024414063
0.02
0.0200195360184
0.0242460632324
0.02
0.0200097680092
0.02
0.0257659888268
0.02
0.0207637572289
0.02
0.02
0.02
0.02
0.02
0.02
0.02
0.0269958877563
0.02
0.0200268650055
0.02
0.02
0.0666193628311
0.02
0.0200122094154
0.02
0.02
0.0223024320602
0.02
0.02
0.0201933383942
0.0317649435997
0.02
0.02
0.0233265519142
0.0200488710403
0.0200073242188
0.0200146508217
0.02
0.02
0.02
0.0207761693001
0.0200012207031
0.0206358981133
0.0288062143326
0.0369710659981
0.0360374569893
0.02
0.02
0.02
0.02
0.0236959409714
0.02
0.02
0.02
0.0200012207031
0.02
0.02
0.0200073242188
0.02
0.02
0.0236243009567
0.02
0.02
0.02
0.02
0.02
0.02
0.0212333106995
0.02
0.02
0.02
0.02
0.02
0.02
0.02
0.02
0.02
0.02
0.02
0.02
0.0213916349411
0.034445540905
0.0200268650055
0.02
0.02
0.02
0.02
0.0300400042534
0.02
0.02
0.02
0.02
0.0219610452652
0.02
0.02
0.02
0.02
0.02
0.02
0.02
