39.7069549561
37.1552581787
35.6986732483
32.6146278381
34.9684906006
33.5832672119
41.8859863281
38.2678718567
39.6816711426
40.7984466553
34.48072052
34.2046279907
29.7860641479
36.4160270691
32.5785255432
36.6213531494
34.391544342
37.7898445129
38.1740226746
33.9356307983
43.5026473999
30.7247009277
33.9313735962
33.3834495544
31.8773956299
36.9890708923
34.4124603271
45.5811309814
35.0211029053
37.2674446106
32.6213264465
35.2443389893
33.3945617676
35.1579742432
43.0526390076
32.3925323486
28.9955329895
39.0299682617
36.481716156
36.4773292542
33.9198684692
30.5147209167
42.8318634033
27.4150466919
28.5607261658
40.6842727661
44.993473053
40.2932815552
31.3358039856
37.4114379883
35.3571777344
31.7423171997
36.8514785767
34.3690681458
30.1586399078
37.7758407593
40.9987182617
31.9044952393
32.011177063
30.1296825409
41.0958824158
36.4836807251
38.9760513306
34.0704956055
36.2132759094
39.1674537659
35.3368034363
31.0856399536
19.9694023132
31.4092540741
31.2703666687
34.1166496277
29.5690364838
31.464307785
39.0835151672
29.0092639923
27.7861423492
32.1465530396
37.7913742065
39.1986503601
21.5554389954
26.0369033813
34.5210189819
23.9879112244
34.641620636
29.0635547638
31.1588001251
20.4465961456
16.3733596802
33.9751396179
33.3276519775
27.5654659271
27.6390514374
29.008140564
33.2430915833
24.3913021088
30.9356994629
32.3062973022
26.6147480011
30.3503665924
23.5715007782
32.3655548096
26.5567131042
24.3867874146
33.8101272583
30.9851150513
27.1935958862
24.8048152924
21.6912612915
30.1928386688
19.8787937164
20.5099372864
24.2529659271
26.2233505249
17.5922203064
27.5803012848
16.800069809
20.4340419769
27.24269104
23.9973144531
27.2654590607
25.74584198
23.2292156219
19.6361904144
20.5134944916
22.6345672607
29.9510669708
27.7114372253
25.5781288147
22.3249702454
23.9217090607
22.8871192932
31.9078178406
26.4888648987
21.7571525574
35.7541427612
24.3746643066
22.0714111328
21.8789539337
27.7915210724
31.3583717346
33.2579078674
25.3449115753
19.8641910553
27.0179328918
24.9664936066
18.6330471039
27.770740509
27.7025032043
24.9317321777
18.7283382416
26.6623344421
25.9854736328
20.9047775269
26.6739749908
34.5073699951
27.2297935486
18.8985843658
25.8531932831
29.8760795593
34.0374679565
24.3063240051
18.1116867065
21.5263710022
16.5689353943
18.9124107361
15.5122823715
20.3607406616
22.8737640381
18.6373214722
19.8783226013
16.7101593018
16.3749980927
21.6406230927
30.502035141
33.2215042114
14.6433401108
19.8516387939
17.4493331909
22.6709060669
20.1652393341
17.3934745789
19.9171085358
16.079826355
23.7642021179
19.6662788391
26.8786392212
20.5103588104
18.4403076172
14.1544399261
19.4118919373
17.473815918
23.3157691956
15.9357357025
20.6253490448
20.9802856445
18.5076942444
16.6600952148
26.0879020691
18.3493289948
