-341.059631348
-327.218139648
-271.146636963
-311.534698486
-315.700561523
-301.994049072
-297.793334961
-282.750030518
-318.480133057
-308.202301025
-296.661468506
-306.209716797
-318.321655273
-306.760803223
-338.584564209
-293.908447266
-314.873016357
-289.312286377
-329.562469482
-313.792358398
-307.124542236
-348.724151611
-318.476470947
-298.492034912
-304.307006836
-344.429290771
-340.699432373
-309.549560547
-291.771362305
-312.498596191
-300.963409424
-308.504425049
-327.138519287
-327.925354004
-346.338195801
-325.008300781
-309.726898193
-275.296844482
-277.056549072
-303.784515381
-300.012176514
-344.000213623
-299.810211182
-300.169311523
-343.595275879
-325.331634521
-304.422058105
-326.960266113
-314.829681396
-334.358032227
-325.432434082
-297.796813965
-330.745635986
-294.555969238
-321.309387207
-340.159851074
-345.046844482
-311.270996094
-343.844940186
-328.583099365
-289.513885498
-327.016601562
-319.178527832
-341.578125
-334.04473877
-303.638977051
-341.470001221
-311.030670166
-298.461791992
-323.311767578
-317.510131836
-311.537811279
-294.979888916
-297.74395752
-315.616271973
-301.120727539
-319.947509766
-292.21282959
-318.334686279
-276.591888428
-313.572631836
-314.83682251
-281.39239502
-296.822723389
-303.175537109
-308.784454346
-340.680725098
-289.407562256
-329.077728271
-309.739257812
-319.528778076
-315.303833008
-277.016387939
-318.247039795
-296.992431641
-299.01852417
-313.561645508
-346.764251709
-279.975494385
-333.972473145
-294.752105713
-294.664916992
-300.902679443
-292.73727417
-335.774108887
-317.93057251
-290.16973877
-322.503692627
-328.062866211
-324.945037842
-300.070739746
-307.01651001
-351.622558594
-307.910675049
-312.228851318
-326.90814209
-311.323669434
-317.568054199
-327.696502686
-345.786651611
-293.002746582
-307.27734375
-322.390258789
-303.790802002
-285.425750732
-322.938049316
-285.971252441
-321.485351562
-293.294616699
-318.918182373
-327.316162109
-338.267883301
-276.174468994
-317.584136963
-299.130493164
-306.852935791
-288.066558838
-301.753540039
-321.698699951
-339.964752197
-301.377380371
-311.53237915
-335.897796631
-316.014404297
-309.892120361
-295.239715576
-339.99206543
-327.521850586
-304.304046631
-294.087310791
-305.129821777
-318.208862305
-322.388916016
-301.352630615
-333.378814697
-343.072875977
-284.049499512
-316.480255127
-305.419586182
-321.517700195
-324.424621582
-300.177764893
-278.763916016
-339.074981689
-292.491333008
-295.74005127
-292.820648193
-284.042541504
-324.458892822
-275.488494873
-302.357788086
-297.243225098
-307.925201416
-290.312103271
-304.781433105
-321.650238037
-285.175628662
-324.191131592
-334.923522949
-274.832061768
-302.036499023
-320.663696289
-309.63092041
-329.768127441
-311.987213135
-313.214813232
-298.591125488
-321.910675049
-328.039916992
-340.251037598
-299.222900391
-303.393890381
-300.338592529
-303.658203125
-280.064453125
-297.742767334
-281.276367188
-315.56262207
-323.39263916
-304.024658203
