-283.837097168
-305.526855469
-257.568847656
-314.236480713
-356.376983643
-363.642089844
-302.226989746
-277.21673584
-387.881774902
-239.177520752
-307.13961792
-410.658538818
-239.181686401
-375.18951416
-276.195159912
-333.415008545
-217.720443726
-250.948165894
-245.297424316
-212.298522949
-326.164337158
-344.058227539
-253.026519775
-342.145843506
-272.5050354
-355.383270264
-274.803161621
-272.914306641
-268.964172363
-251.388137817
-309.232055664
-273.48626709
-375.144683838
-248.119400024
-281.942443848
-264.649780273
-294.183837891
-360.927581787
-335.754821777
-391.370666504
-279.996246338
-308.803863525
-353.002593994
-344.83505249
-407.461334229
-306.340393066
-202.536834717
-339.182128906
-357.818634033
-285.400878906
-264.781738281
-326.082550049
-395.470214844
-254.733886719
-249.837646484
-216.82572937
-241.614242554
-321.31237793
-281.745178223
-259.208953857
-225.040863037
-319.111328125
-223.861816406
-287.469665527
-322.523223877
-257.149139404
-210.380981445
-260.612731934
-276.304504395
-345.648193359
-246.805953979
-296.053070068
-287.494445801
-227.64012146
-347.013122559
-332.739074707
-366.177307129
-294.876922607
-364.868713379
-306.180938721
-218.799560547
-356.727386475
-275.834747314
-242.194030762
-319.057678223
-301.907623291
-259.665679932
-335.479187012
-416.296813965
-469.788116455
-337.868865967
-234.423934937
-333.720794678
-338.402770996
-379.286315918
-282.669189453
-301.764038086
-231.738098145
-289.278411865
-228.715423584
-245.25692749
-341.497467041
-368.847930908
-294.505249023
-222.294677734
-279.162719727
-244.244369507
-329.632568359
-250.107635498
-256.81930542
-279.34487915
-315.220581055
-215.261871338
-336.196960449
-272.40838623
-220.803405762
-293.77633667
-341.537322998
-308.314575195
-209.287536621
-314.405700684
-358.422943115
-321.640533447
-306.397613525
-293.477722168
-302.725006104
-349.897125244
-270.393249512
-321.114715576
-250.355392456
-318.024780273
-322.201416016
-307.571563721
-310.222717285
-306.383392334
-273.98348999
-282.997406006
-319.947692871
-257.915618896
-262.114959717
-270.97668457
-319.000518799
-227.297561646
-319.203979492
-359.658599854
-201.365280151
-224.152008057
-315.026031494
-258.638397217
-331.734008789
-259.485839844
-218.458908081
-340.879089355
-295.795837402
-256.614746094
-251.625656128
-251.542724609
-335.008300781
-231.822006226
-352.145080566
-294.161376953
-342.649414062
-261.445617676
-209.789382935
-286.744628906
-324.953186035
-228.783065796
-277.085388184
-324.324523926
-245.911819458
-219.099945068
-336.245849609
-348.631103516
-223.776611328
-309.300323486
-301.334747314
-233.391387939
-293.270050049
-255.733230591
-221.093566895
-305.696136475
-279.144012451
-357.90802002
-328.644378662
-250.105987549
-280.149902344
-307.334503174
-282.350616455
-267.309112549
-305.652862549
-330.29699707
-215.702911377
-293.380950928
-189.521972656
-407.589660645
-184.958328247
-174.338317871
-272.472961426
-255.960342407
-331.464538574
-229.18006897
-258.668121338
-291.93460083
-250.956802368
-305.132354736
-308.717651367
-283.235198975
-289.78805542
-323.163665771
-204.461257935
-298.432861328
-287.594604492
-277.477661133
-319.296905518
-304.604003906
-419.78302002
-301.606689453
-330.178833008
-322.033569336
-260.224304199
-300.2840271
-291.553283691
-297.143157959
-253.528411865
-282.529510498
-309.792694092
-303.196472168
-345.41305542
-259.644226074
-306.517791748
-312.265472412
-319.323883057
-283.185913086
-233.649841309
-227.489196777
-310.574401855
-246.607070923
-281.612121582
-324.870117188
-242.605316162
-342.645568848
-268.523162842
-269.611419678
-364.927154541
-249.572387695
-212.21987915
-389.634033203
-222.847305298
-236.572357178
-241.197906494
-332.815612793
-321.866821289
-342.602233887
-241.894393921
-266.654418945
-305.397125244
-257.405059814
-349.939025879
-204.138504028
-354.407592773
-342.917449951
-274.085510254
-324.813934326
-332.014831543
-262.397460938
-236.979904175
-311.464233398
-212.018493652
-299.544494629
-335.304931641
-322.458557129
-292.185333252
-324.855895996
-286.361694336
-239.26991272
-245.513000488
-366.018096924
-285.216156006
-341.333618164
-266.853820801
-253.342086792
-356.570343018
-377.359130859
-251.496627808
-236.62802124
-305.420043945
-375.741760254
-192.05065918
-270.256134033
-253.088287354
-189.886520386
-249.96081543
-227.483032227
-326.734588623
-221.462860107
-256.339233398
-231.802825928
-224.764511108
-278.962341309
-337.562896729
-302.454833984
-237.511795044
-311.057769775
-294.94241333
-246.583023071
-302.454742432
-269.126098633
-265.293823242
-300.821777344
-299.24420166
-209.039169312
-264.597045898
-310.381103516
-261.555389404
-296.139953613
-342.399139404
-300.636383057
-261.956787109
-209.116439819
-199.12361145
-249.738357544
-322.698028564
-218.690811157
-299.699432373
-301.747344971
-246.604415894
-222.761764526
-255.822723389
-288.807220459
-250.331298828
-367.22756958
-296.221405029
-304.643280029
-328.97467041
-239.662384033
-316.395019531
-352.966217041
-354.291046143
-346.463439941
-234.355789185
-261.733673096
-358.515106201
-224.556762695
-312.554443359
-304.02230835
-271.462890625
-273.79800415
-221.466308594
-242.319152832
-324.511016846
-288.055450439
-332.638916016
-341.842224121
-236.76625061
-330.736785889
-264.91519165
-270.666259766
-311.079406738
-249.468002319
-247.025466919
-285.936676025
-280.083129883
-305.510955811
-343.690429688
-297.212432861
-340.926849365
-260.743621826
-277.034790039
-230.257659912
-283.115600586
-287.605987549
-362.188049316
-257.517150879
-229.063903809
-407.944793701
-240.762481689
-295.381103516
-303.633239746
-229.348373413
-288.676391602
-262.878051758
-272.988616943
-326.75100708
-230.761322021
-243.776779175
-274.664672852
-334.550689697
-205.691696167
-322.677124023
-237.941741943
-262.253662109
-298.373718262
-232.524276733
-399.538299561
-399.414703369
-308.020141602
-349.515289307
-299.655731201
-293.333343506
-193.250564575
-241.472824097
-415.351470947
-479.052764893
-277.617736816
-389.893737793
-225.490386963
-262.348449707
-352.124572754
-209.379821777
-272.245117188
-281.966308594
-283.986755371
-289.181274414
-313.747283936
-225.021789551
-220.437973022
-300.453582764
-287.467315674
-311.817230225
-233.23260498
-288.915618896
-417.306732178
-255.693588257
-319.267059326
-356.87298584
-251.962142944
-323.107635498
-273.447631836
-302.37890625
-383.21887207
-235.032226562
-295.425933838
-309.720733643
-338.549957275
-348.827911377
-297.421630859
-234.535522461
-315.283355713
-316.956787109
-298.821105957
-349.380737305
-241.855209351
-206.07673645
-305.227783203
-294.147918701
-237.070587158
-282.497406006
-209.242904663
-346.987792969
-324.079650879
-283.982086182
-245.01550293
-284.11038208
-251.416778564
-244.042678833
-327.880706787
-230.237167358
-250.024230957
-318.528503418
-305.768676758
-331.048706055
-251.927490234
-254.364379883
-333.913726807
-371.994415283
-260.368743896
-240.328292847
-335.309265137
-236.426544189
-239.541671753
-308.984039307
-221.594955444
-303.885040283
-252.99420166
-312.093841553
-369.730224609
-301.387023926
-315.231964111
-249.445663452
-194.395965576
-375.334411621
-272.518829346
-391.834960938
-293.821136475
-275.257598877
-283.526428223
-443.692108154
-285.002807617
-323.648010254
-259.213226318
-257.353485107
-209.284194946
-431.625946045
-315.048706055
-253.075500488
-214.505645752
-232.149200439
-230.472061157
-241.812698364
-331.295623779
-409.364868164
-315.676757812
-254.027053833
-297.024719238
-303.712280273
-203.175598145
-221.097045898
-296.315246582
-298.701599121
-308.048156738
-252.520721436
-303.312133789
-229.720199585
-291.806152344
-341.42565918
-383.368713379
-288.816223145
-441.563232422
-222.459060669
-235.591522217
-286.735412598
-372.838897705
-209.970397949
-361.144683838
-248.649765015
-278.548126221
-293.820220947
-236.492645264
-293.328735352
-335.024230957
-247.912185669
-305.341430664
-194.633468628
-229.95111084
-377.219451904
-273.745269775
-318.281036377
-290.490875244
-337.9659729
-258.775115967
-254.646606445
-318.95602417
-316.076171875
-356.161804199
-222.36882019
-298.974700928
-294.02532959
-190.142242432
-376.126617432
-244.331634521
-261.096282959
-305.199066162
-263.449951172
-280.114990234
-265.031707764
-198.380599976
-263.315582275
-325.474914551
-196.115325928
-314.38470459
-240.311904907
-167.742706299
-250.994400024
-334.491424561
-174.078781128
-209.534225464
-285.568115234
-272.522186279
-269.610076904
-313.589447021
-266.15057373
-204.239349365
-326.40524292
-241.433319092
-384.507720947
-273.164337158
-261.703033447
-227.393234253
-274.604553223
-265.881530762
-365.580413818
-242.707138062
-215.673706055
-338.224975586
-282.073852539
-342.941314697
-307.798156738
-320.507751465
-327.028961182
-280.529296875
-227.196151733
-342.016296387
-272.979095459
-243.882415771
-251.022766113
-256.981567383
-341.047637939
-246.305618286
-363.3984375
-333.734527588
-263.298248291
-289.682067871
-343.542938232
-260.676696777
-261.108093262
-336.53704834
-292.136291504
-343.853088379
-282.982696533
-191.750427246
-204.372619629
-321.345733643
-291.659362793
-304.373596191
-298.695556641
-294.558563232
-209.219284058
-289.621124268
-320.335754395
-227.328964233
-236.528045654
-326.749908447
-216.643295288
-313.558746338
-280.308990479
-239.367385864
-274.935516357
-326.945159912
-213.769836426
-375.165344238
-332.788635254
-391.209594727
-218.640487671
-235.37928772
-246.976348877
-288.796264648
-328.676696777
-307.929840088
-329.807525635
-244.907012939
-214.954971313
-314.148010254
-385.505981445
-333.413238525
-282.3203125
-221.122756958
-356.154205322
-260.290740967
-257.88772583
-236.051956177
-228.114074707
-297.211364746
-368.724609375
-291.277984619
-288.091491699
-290.83682251
-231.077087402
-299.061462402
-374.573730469
-283.975585938
-339.51348877
-270.966217041
-188.757781982
-227.051132202
-240.328414917
-195.871047974
-228.618530273
-218.037506104
-439.807861328
-292.524414062
-284.176818848
-323.827148438
-318.571563721
-234.57661438
-335.928924561
-249.932922363
-302.257720947
-273.165252686
-323.714630127
-291.180328369
-271.91229248
-312.519378662
-364.374694824
-371.055328369
-327.111114502
-265.722137451
-331.546447754
-324.495605469
-362.510253906
-304.368835449
-287.30847168
-310.413879395
-407.708648682
-333.057769775
-274.56640625
-246.575561523
-306.752075195
-456.943328857
-255.023895264
-288.799072266
-288.629486084
-257.279968262
-309.646087646
-254.347854614
-247.09413147
-329.332519531
-306.864257812
-283.002990723
-208.098571777
-308.394439697
-310.051330566
-293.717041016
-207.789215088
-318.254608154
-234.189422607
-257.586364746
-258.482971191
-346.645812988
-388.882202148
-257.164398193
-335.95010376
-285.505493164
-227.685913086
-257.54006958
-216.105331421
-277.848327637
-368.695007324
-334.998931885
-248.151443481
-262.299255371
-305.991790771
-304.939849854
-242.807296753
-404.229431152
-268.955444336
-418.959320068
-355.296875
-283.889526367
-298.998718262
-255.545135498
-240.578170776
-252.732299805
-304.373474121
-356.795257568
-279.681732178
-269.317779541
-336.965881348
-275.912841797
-246.909912109
-273.589660645
-231.922683716
-327.023864746
-227.629943848
-272.767700195
-280.289398193
-319.43661499
-240.055755615
-191.564147949
-311.756317139
-279.393768311
-277.47253418
-314.43939209
-267.002716064
-240.316940308
-300.045166016
-324.172027588
-320.334472656
-288.57723999
-295.896484375
-213.446624756
-230.904785156
-344.485443115
-229.03086853
-248.20401001
-309.422729492
-362.263275146
-380.15838623
-397.513214111
-324.029205322
-253.761367798
-307.159606934
-303.018463135
-251.634155273
-318.095153809
-193.000915527
-253.34854126
-197.825973511
-212.157806396
-369.075469971
-248.058227539
-391.901855469
-275.758850098
-343.701843262
-251.442367554
-267.613708496
-238.23008728
-250.255935669
-263.394470215
-220.155502319
-264.489257812
-285.932739258
-204.46081543
-349.866760254
-228.743011475
-288.32623291
-299.819152832
-256.589599609
-307.353668213
-363.279266357
-238.216186523
-234.347305298
-365.020355225
-334.050354004
-255.853012085
-254.966400146
-379.163024902
-231.229522705
-273.505401611
-260.351715088
-289.83190918
-286.267822266
-301.662872314
-343.331176758
-301.54498291
-285.769500732
-304.515167236
-213.508758545
-283.901824951
-225.928100586
-255.559188843
-259.5206604
-226.037841797
-237.003982544
-328.949890137
-335.378723145
-403.474243164
-365.509094238
-307.686523438
-232.818527222
-234.553863525
-264.581268311
-391.758728027
-210.053924561
-246.353439331
-264.929351807
-266.396240234
-303.420837402
-305.661773682
-295.111541748
-332.414428711
-294.542205811
-196.38079834
-285.969543457
-268.007232666
-255.032012939
-261.9921875
-350.793151855
-301.273498535
-360.998687744
-301.070526123
-275.726318359
-226.064559937
-284.935760498
-289.672821045
-310.015625
-273.240386963
-339.778991699
-317.667144775
-288.555908203
-257.069152832
-202.948257446
-319.723876953
-209.4009552
-258.424316406
-279.213684082
-324.22869873
-300.210906982
-283.05065918
-352.602325439
-342.662109375
-224.878158569
-355.091186523
-280.683776855
-327.372528076
-291.643310547
-326.819213867
-252.983856201
-286.333465576
-292.912536621
-241.431533813
-289.854095459
-222.42477417
-219.805725098
-261.459869385
-292.574157715
-253.511947632
-349.173492432
-293.687896729
-200.780578613
-240.224029541
-261.153442383
-238.414505005
-172.541488647
-323.003051758
-407.183624268
-380.722045898
-230.773666382
-290.987609863
-329.686523438
-271.686004639
-255.35144043
-251.262817383
-317.48147583
-287.024169922
-233.697998047
-285.890441895
-263.472320557
-311.624938965
-234.18132019
-287.747924805
-264.743560791
-332.833984375
-270.554534912
-320.310394287
-247.637023926
-248.60987854
-313.371734619
-342.60055542
-232.69593811
-313.205108643
-286.18347168
-208.795059204
-317.382324219
-294.952423096
-247.426681519
-319.550079346
-278.272460938
-255.06060791
-301.450042725
-264.364013672
-246.436553955
-285.839508057
-358.486175537
-296.90447998
-306.784484863
-220.67767334
-252.372756958
-259.875244141
-299.260162354
-292.674255371
-247.583251953
-373.053192139
-198.335357666
-253.059356689
-353.12701416
-248.26449585
-242.877380371
-245.703826904
-307.19732666
-276.137023926
-228.848251343
-221.15536499
-259.198455811
-241.520507812
-340.145721436
-243.971786499
-264.667602539
-323.423828125
-211.705032349
-380.340209961
-360.228515625
-270.151885986
-274.430328369
-237.131149292
-290.175231934
-265.312286377
-278.233337402
-177.965515137
-304.27142334
-287.307678223
-272.850158691
-220.578979492
-277.742340088
-288.917785645
-299.297515869
-318.818603516
-220.388885498
-291.235656738
-277.596588135
-244.09765625
-399.727508545
-317.717834473
-244.752914429
-366.630096436
-242.698867798
-344.980438232
-254.037414551
-292.941711426
-252.555725098
-253.974761963
