-414.236450195
-361.192687988
-393.883666992
-408.393280029
-436.011505127
-396.478210449
-367.773345947
-355.58782959
-359.469451904
-395.681304932
-401.385803223
-342.181884766
-370.78704834
-404.161346436
-333.296661377
-425.924713135
-382.398040771
-331.779174805
-370.269775391
-382.247009277
-385.983825684
-379.783325195
-367.466278076
-398.477844238
-396.323028564
-391.048675537
-404.039093018
-416.656799316
-388.464355469
-403.659576416
-387.719360352
-391.998199463
-360.04498291
-440.409240723
-421.93145752
-337.351074219
-403.015777588
-379.074371338
-356.670410156
-384.865264893
-358.168426514
-360.177246094
-400.629241943
-387.934570312
-365.000183105
-417.518096924
-363.245605469
-405.072845459
-394.110473633
-355.410430908
-349.486083984
-391.800170898
-401.639251709
-348.227783203
-414.237243652
-374.724853516
-353.379150391
-424.964385986
-425.146057129
-385.471740723
-369.165893555
-424.113220215
-383.067626953
-418.015075684
-355.635650635
-355.575561523
-354.056274414
-377.021514893
-378.096618652
-389.973266602
-390.767028809
-431.905059814
-352.532531738
-347.969329834
-412.027069092
-394.837219238
-380.083953857
-404.90322876
-392.523681641
-369.511352539
-374.89730835
-396.329101562
-414.757568359
-390.091796875
-412.130615234
-353.350891113
-350.681030273
-340.837005615
-395.691009521
-422.247131348
-419.856536865
-374.094543457
-393.386138916
-402.8878479
-401.606567383
-368.704284668
-329.092834473
-392.608428955
-388.282318115
-362.803985596
-379.14352417
-361.261199951
-368.262939453
-385.908477783
-371.988037109
-395.785064697
-376.392211914
-355.280761719
-365.267272949
-372.857696533
-381.985534668
-336.298309326
-395.530639648
-410.170776367
-413.172027588
-353.38482666
-361.104492188
-401.341003418
-370.390197754
-385.303955078
-359.012817383
-366.446960449
-369.576446533
-344.208587646
-407.392700195
-356.444549561
-370.05065918
-391.270935059
-345.674713135
-395.664672852
-431.871520996
-344.131866455
-342.408355713
-383.621612549
-385.04498291
-403.714019775
-393.156158447
-417.438018799
-415.636535645
-383.94543457
-358.383056641
-404.715423584
-339.827362061
-399.769683838
-377.250762939
-377.979858398
-363.829376221
-359.892181396
-378.301757812
-389.203765869
-385.860321045
-373.979522705
-413.106658936
-379.37298584
-355.217407227
-360.057647705
-398.582641602
-369.888946533
-369.857757568
-405.039306641
-398.448852539
-385.379180908
-393.603149414
-354.712982178
-374.905548096
-347.730926514
-430.107147217
-401.193908691
-355.912658691
-361.555175781
-357.954681396
-372.15322876
-347.015228271
-375.312438965
-401.559020996
-385.427520752
-413.614013672
-415.336669922
-414.941772461
-355.48223877
-394.31640625
-380.649810791
-404.117950439
-381.684936523
-362.417388916
-340.706359863
-391.747589111
-359.304962158
-362.498840332
-361.336517334
-344.301239014
-368.882659912
-385.398834229
-396.172698975
-423.535675049
-371.026245117
-377.887145996
-390.900817871
-384.923278809
-416.062530518
