35.9294319153
39.1283912659
46.9262580872
43.3607940674
35.2321357727
39.7418670654
39.0025253296
47.6647224426
31.9376983643
39.8719215393
38.1315498352
41.7844543457
32.4007568359
41.3279190063
47.8889083862
42.1589546204
39.0405578613
41.3706970215
32.4483642578
37.4140090942
39.978969574
43.7693023682
41.3482322693
36.0611686707
41.6893424988
32.7918701172
30.7077121735
37.9708557129
39.3516311646
33.4089851379
39.2202682495
35.0811920166
36.3990859985
25.34308815
36.0332489014
35.19871521
38.5974082947
37.5049362183
40.1684417725
30.5928058624
35.9091873169
37.7509117126
33.3502006531
35.9196395874
34.7520065308
35.6768951416
37.3540039062
33.5783462524
36.5892219543
33.1827011108
37.9908294678
39.8080062866
39.1993904114
29.0882263184
39.2564659119
25.8154087067
37.7400245667
30.281129837
36.1720657349
29.4077033997
25.7871742249
33.9287757874
26.7396850586
33.082736969
33.4034423828
33.9540634155
32.2654953003
41.1261100769
32.0900268555
35.9161109924
31.2782840729
30.0441322327
25.4496841431
34.1372261047
32.6019363403
32.4112510681
24.7031555176
39.2212791443
31.9498729706
28.1065044403
33.6574897766
36.2403564453
27.8248958588
28.7574481964
31.8625469208
21.9258537292
29.6966400146
28.9088573456
34.761138916
27.7891349792
25.1055183411
26.5016994476
23.5647964478
22.351360321
21.7069187164
31.9352874756
28.9157981873
25.6220340729
32.5496940613
27.1374816895
22.0625228882
23.7761592865
27.6230392456
24.7867107391
22.3359565735
29.499130249
29.7871284485
21.0184764862
21.7132053375
29.8912220001
27.7704219818
16.9217739105
30.2666110992
29.0203971863
27.1806373596
35.2828292847
28.3543891907
23.9378204346
24.1934547424
27.8569583893
16.6683368683
25.8246974945
25.9111175537
21.8894767761
22.7889442444
27.3897743225
27.3448104858
18.5488395691
18.1244506836
17.1356124878
23.9655418396
24.7380867004
20.5701065063
19.2838554382
22.4073028564
21.3758239746
20.2666549683
22.3099956512
25.8830661774
21.6528930664
23.9719543457
14.4986763
19.5559005737
27.1062602997
28.1889610291
23.6437950134
17.4797058105
21.3292007446
18.8526229858
17.0672836304
9.77605342865
27.3127536774
17.0580844879
14.0418357849
15.0571956635
15.2388153076
17.2457180023
14.7479515076
15.9510660172
14.9004621506
19.1162929535
19.3861064911
13.483168602
20.5150756836
18.0099582672
15.8855819702
8.76246547699
19.0056095123
16.9026737213
16.7984752655
8.96910095215
8.51179122925
10.0547657013
13.1590900421
16.3316307068
7.8917093277
9.1699962616
8.59710597992
7.85812282562
8.42715072632
10.4861278534
8.93416786194
10.1673746109
11.8831386566
13.9216070175
11.8782892227
12.2469348907
10.0115346909
8.11280250549
7.58208799362
9.44647407532
11.7757577896
8.21531486511
11.3045730591
10.641866684
10.7036933899
13.7555980682
10.0399007797
9.93665027618
10.8086643219
