0.0205718827248
0.0208346128464
0.0845010566711
0.054357380867
0.0606959247589
0.0205654335022
0.025761218071
0.0417865133286
0.0262608265877
0.0206025934219
0.0201566886902
0.0420392847061
0.058205447197
0.0283443784714
0.0408982801437
0.0210524535179
0.021361515522
0.0560206699371
0.103758325577
0.0230725312233
0.0776401519775
0.0274895739555
0.057685008049
0.0224191761017
0.0874087524414
0.0724355506897
0.0481700944901
0.0274276161194
0.0296868252754
0.230912075043
0.152324304581
0.0461774396896
0.0465343046188
0.021499080658
0.0265190458298
0.0457432556152
0.0426401281357
0.198512496948
0.0360513281822
0.0232474851608
0.0480495548248
0.0377377939224
0.101214590073
0.0535162305832
0.0328867268562
0.0279878902435
0.0210970067978
0.0680938816071
0.0476267719269
0.0867756080627
0.0228396081924
0.0216322350502
0.0214649009705
0.0337345147133
0.0986110401154
0.0217894387245
0.0257619261742
0.032775156498
0.0225116539001
0.0463381910324
0.0544727134705
0.0314026379585
0.0291177177429
0.0642154502869
0.0233638739586
0.147892713547
0.142746953964
0.093134355545
0.0234857177734
0.0652983665466
0.0672846317291
0.0938895130157
0.229213199615
0.0824648666382
0.0218636274338
0.0559227323532
0.0616249084473
0.046930141449
0.0214627313614
0.046263422966
0.0476426362991
0.0238687777519
0.0341011238098
0.032712085247
0.0244535398483
0.0203835177422
0.0370026373863
0.0201974391937
0.0287047338486
0.034925057888
0.0244816446304
0.0557834339142
0.0326380491257
0.025045311451
0.0523083877563
0.0681886529922
0.0838231945038
0.113058691025
0.0971282196045
0.0665861845016
0.0258189129829
0.0295836400986
0.0322579622269
0.0784538125992
0.0201690554619
0.0285423612595
0.0429527997971
0.0322508358955
0.0217528438568
0.0464992713928
0.030439581871
0.075506978035
0.17222612381
0.0219627189636
0.106573343277
0.036142206192
0.026352827549
0.112344722748
0.0345436525345
0.0781863451004
0.06250207901
0.0565780496597
0.0215318012238
0.0661004161835
0.0347201299667
0.0780899524689
0.0279522514343
0.056764588356
0.118432598114
0.124453392029
0.0281914043427
0.126567592621
0.0854853439331
0.114482603073
0.0405527353287
0.0548100280762
0.022223045826
0.0251490497589
0.112655239105
0.0995894622803
0.154993181229
0.0216932225227
0.0562272930145
0.0205299329758
0.0229375720024
0.0250165128708
0.143027276993
0.0844662857056
0.0989323234558
0.0708263635635
0.120358066559
0.0400106811523
0.241791439056
0.217015705109
0.0768886089325
0.0636790752411
0.0536970329285
0.0779666948318
0.0667817020416
0.0909365940094
0.0607798480988
0.042757191658
0.136304607391
0.0330971360207
0.0322777867317
0.039744720459
0.0523101758957
0.0583109235764
0.0235286140442
0.0554847383499
0.0573537540436
0.0920437812805
0.0518299150467
0.0730875873566
0.0484290266037
0.114810161591
0.0448164129257
0.118495235443
0.0967292881012
0.138055791855
0.0495079612732
0.0300135993958
0.110670919418
0.184299259186
0.0578718137741
0.0590539646149
0.0907025909424
0.0983195114136
0.0268279862404
0.0206624031067
0.0656220197678
0.110949516296
0.0680048751831
0.134587450027
0.0420673418045
0.0281072735786
0.0592969703674
0.0434950065613
0.0314982700348
0.026135020256
0.0259207653999
0.0501440525055
0.025325884819
0.0202699565887
0.126344308853
0.0301688718796
0.0249352741241
0.193275852203
0.0542887210846
0.0230703377724
0.10448589325
0.0737894010544
0.236866512299
0.0266179776192
0.0281675553322
0.0450788736343
0.0662472724915
0.0208269786835
0.0409094810486
0.15354010582
0.0323388314247
0.214599952698
0.0603048229218
0.0868501853943
0.0807458877563
0.0257633757591
0.027883336544
0.108535881042
0.0535391712189
0.0592485713959
0.0594618415833
0.0701993846893
0.144871912003
0.0545808792114
0.05455514431
0.148798093796
0.166594467163
0.191953277588
0.198429336548
0.0422048568726
0.043844370842
0.0440984201431
0.164760494232
0.0498922204971
0.18941701889
0.0815954875946
0.278982563019
0.055832028389
0.0725216627121
0.0221376752853
0.0778054285049
0.0333524990082
0.0517251777649
0.0432578086853
0.0200966286659
0.0677883863449
0.130043087006
0.0659419870377
0.020677318573
0.0503052473068
0.0833350753784
0.0307599329948
0.0326849842072
0.0419333124161
0.0574144887924
0.140990638733
0.0311050891876
0.0592138576508
0.0319054627419
0.0669321584702
0.0296082186699
0.14952290535
0.0528928947449
0.0812462425232
0.0908505916595
0.0503378391266
0.100182991028
0.20775724411
0.0659607458115
0.0497755622864
0.0842021942139
0.0897942256927
0.0679396104813
0.0966986370087
0.0635539531708
0.132421455383
0.0541703081131
0.100197134018
0.0773594284058
0.0982913780212
0.0926416873932
0.021661503315
0.0924987220764
0.0340100502968
0.172855300903
0.100617218018
0.0332247591019
0.12671713829
0.0420506191254
0.0481903219223
0.064146323204
0.0885326099396
0.153518362045
0.0639903402328
0.0914590167999
0.147651777267
0.130914735794
0.0458159828186
0.046031088829
0.17991476059
0.0569240856171
0.0785502481461
0.0830223369598
0.0744038677216
0.158608064651
0.16718706131
0.0892542743683
0.162973175049
0.0416810560226
0.0596543169022
0.106196517944
0.0637435054779
0.0454598426819
0.0933141231537
0.0417427778244
0.0394910883904
0.0395828938484
0.237058582306
0.0436460924149
0.0719750785828
0.130488920212
0.173885955811
0.145720682144
0.0460990047455
0.113146486282
0.0926720237732
0.137089195251
0.0314659070969
0.0787840747833
0.0727780342102
0.0808038425446
0.18745885849
0.0797271823883
0.162495326996
0.0646154022217
0.027649102211
0.102012481689
0.0396652722359
0.0587394571304
0.0951975250244
0.153844556808
0.0636350059509
0.0661984586716
0.0736034250259
0.0217355728149
0.172450180054
0.345860977173
0.037587864399
0.0309445738792
0.13382525444
0.0870017147064
0.136333303452
0.046283288002
0.110598840714
0.0590098237991
0.230606746674
0.113530282974
0.0505921363831
0.0871837711334
0.0539076757431
0.141836414337
0.0787296438217
0.105735683441
0.0391747331619
0.202870903015
0.0792749547958
0.0506426382065
0.119200267792
0.186350688934
0.0348949384689
0.0780505228043
0.0603817129135
0.191513729095
0.0259070634842
0.0300301289558
0.0424397802353
0.0285050463676
0.250868701935
0.0928188991547
0.0937369537354
0.0946177101135
0.113580112457
0.0907981777191
0.0738040924072
0.169153213501
0.0374428296089
0.0537944412231
0.0617262411118
0.0725990056992
0.0742632865906
0.0929183864594
0.0324301314354
0.156743898392
0.0705612850189
0.130623579025
0.0417351198196
0.159330434799
0.045403752327
0.0787455415726
0.061659655571
0.111947793961
0.112775659561
0.0932543182373
0.063641242981
0.0989322948456
0.0309862875938
0.039842684269
0.109390640259
0.0244970273972
0.0586059713364
0.103421211243
0.0287259197235
0.129670419693
0.0368478894234
0.0594766235352
0.0436452722549
0.115097389221
0.112477064133
0.0682794237137
0.0495523834229
0.0411713171005
0.205616836548
0.0242798638344
0.127170686722
0.0626040029526
0.10896894455
0.0841413974762
0.104850158691
0.131949424744
0.0981932449341
0.0420238876343
0.0392735934258
0.0669078397751
0.0474241256714
0.13588142395
0.0706291913986
0.178642406464
0.0662826108932
0.216419582367
0.133108873367
0.126525201797
0.123861427307
0.0357904815674
0.0714612102509
0.138587646484
0.084891910553
0.0586077880859
0.0507690048218
0.122693948746
0.170919551849
0.0684061574936
0.09297914505
0.0334421038628
0.12147652626
0.0876141738892
0.0869219779968
0.106087436676
0.138975515366
0.109985284805
0.0248389220238
0.119570388794
0.0321446299553
0.144102544785
0.0523843002319
0.106716852188
0.073034734726
0.0206770539284
0.0223889279366
0.0387607264519
0.055968375206
0.0301595449448
0.129507141113
0.039577422142
0.0678729248047
0.110667982101
0.0402940368652
0.067625412941
0.0925427913666
0.083389787674
0.162582817078
0.0327941012383
0.0828411197662
0.17380273819
0.161202888489
0.0515813922882
0.145540380478
0.083903875351
0.0513165950775
0.126327667236
0.0503123521805
0.105526847839
0.0647229862213
0.0659738779068
0.0848755836487
0.162072467804
0.0547787809372
0.0361887216568
0.0327395319939
0.139128847122
0.0715952539444
0.0319543814659
0.0231074118614
0.0583183717728
0.226227703094
0.174905090332
0.199398059845
0.113270673752
0.0654483795166
0.23444858551
0.188273029327
0.196542778015
0.12760216713
0.0213903713226
0.026517970562
0.0809668159485
0.0386599493027
0.0869928359985
0.0922823143005
0.108285388947
0.202222633362
0.057572054863
0.18263343811
0.120888853073
0.120167360306
0.0570784759521
0.0906612110138
0.0543043994904
0.0403959178925
0.0299052166939
0.0909094524384
0.108097515106
0.0460410642624
0.0456723642349
0.0719661569595
0.179597167969
0.0990875720978
0.0941819286346
0.10648522377
0.233744239807
0.0915672492981
0.0293893384933
0.109867668152
0.227328567505
0.0818975353241
0.0611150741577
0.164999256134
0.0272584438324
0.0675946140289
0.0360542106628
0.147425699234
0.050016617775
0.127733182907
0.0914280891418
0.217769069672
0.122775068283
0.253538188934
0.0357076644897
0.0896215438843
0.076134519577
0.0706691122055
0.104851131439
0.0909595680237
0.226500511169
0.162603397369
0.128221883774
0.0579045677185
0.181205978394
0.0726713562012
0.0980834293365
0.252379112244
0.117413139343
0.0843578052521
0.213784427643
0.0302776694298
0.0258028054237
0.0989546775818
0.0732928514481
0.0402529287338
0.117107810974
0.173595714569
0.0824724197388
0.111501178741
0.0277726078033
0.0973595714569
0.0269587159157
0.169437618256
0.0682464456558
0.0727340984344
0.127134485245
0.0421910190582
0.0805394649506
0.0901574897766
0.104520616531
0.156373109818
0.0956126308441
0.0692535638809
0.12285867691
0.0743753576279
0.0577961730957
0.112492542267
0.0296188879013
0.163099002838
0.0639483976364
0.0564082670212
0.0966298294067
0.0326292943954
0.0322906756401
0.0840583133698
0.0390412449837
0.173957862854
0.100414524078
0.0541119766235
0.088249502182
0.11062918663
0.109823236465
0.0218496870995
0.027442741394
0.0208384370804
0.127864379883
0.0873667240143
0.13991850853
0.261247138977
0.0323425507545
0.100487937927
0.0352478218079
0.0370291256905
0.0719478130341
0.0385824012756
0.067945971489
0.0967477893829
0.0653487539291
0.120533370972
0.0458423423767
0.0951819229126
0.0522479629517
0.0372473955154
0.174445648193
0.288838882446
0.105390758514
0.0646928262711
0.162030658722
0.190589084625
0.0288347434998
0.0732905578613
0.16630771637
0.0664418983459
0.118552064896
0.0227398395538
0.184079704285
0.0262900471687
0.0390340733528
0.152549495697
0.102759723663
0.0231751990318
0.116231069565
0.0795726251602
0.093527765274
0.0675180006027
0.0565536117554
0.110432109833
0.0857458019257
0.096370639801
0.0728524398804
0.113478193283
0.0936417579651
0.136218366623
0.0856393241882
0.0300128316879
0.0991833591461
0.0867967319489
0.0711882972717
0.0790376806259
0.0807077503204
0.0704262590408
0.0967650794983
0.101731367111
0.0765528869629
0.0360598063469
0.0364893579483
0.18325586319
0.0697562265396
0.0720996427536
0.0887989044189
0.104243946075
0.058429145813
0.0879534339905
0.063121008873
0.1229783535
0.131587257385
0.0952759838104
0.0993455410004
0.156028442383
0.0587924003601
0.0208460760117
0.0579348325729
0.0703825330734
0.073170132637
0.0534756135941
0.122161540985
0.0861490726471
0.0490571594238
0.0206970715523
0.0515224504471
0.119545822144
0.0734220266342
0.100520238876
0.104650783539
0.10631811142
0.189102516174
0.0319299936295
0.106253967285
0.0976566791534
0.0641056728363
0.0205896472931
0.075396566391
0.0470366287231
0.0989792728424
0.0332642126083
0.1104845047
0.145435791016
0.229493980408
0.0212191510201
0.0616458749771
0.0585311746597
0.0282957649231
0.0769455623627
0.0424484157562
0.106459102631
0.0521218204498
0.0320132708549
0.143583135605
0.0487198829651
0.0439239120483
0.0445562839508
0.0846868801117
0.067277636528
0.0539743423462
0.0845646572113
0.118917274475
0.0670421218872
0.0847329521179
0.048228302002
0.0312728643417
0.0593669080734
0.207699050903
0.0477215623856
0.0316997814178
0.07121073246
0.0744211530685
0.189803981781
0.0578027105331
0.238161449432
0.101400976181
0.085841588974
0.168183135986
0.0308070135117
0.0549681949615
0.0897826957703
0.159797239304
0.0439107656479
0.0988264083862
0.0575270605087
0.0787864971161
0.242252235413
0.0517302179337
0.188255767822
0.105683927536
0.0306617951393
0.118236169815
0.182835502625
0.0472721481323
0.0617404651642
0.125070295334
0.0542566204071
0.0908229541779
0.0468357133865
0.134623117447
0.150068759918
0.0206198740005
0.1513007164
0.16351808548
0.218090515137
0.0455868577957
0.0432420158386
0.08741147995
0.0735946846008
0.0202440214157
0.257708320618
0.116627349854
0.0548665380478
0.0513621664047
0.0587117767334
0.0558159017563
0.0289919447899
0.0929218292236
0.0547505903244
0.0622769260406
0.103208208084
0.135175647736
0.163759422302
0.0540602636337
0.0652974557877
0.1237707901
0.10637802124
0.102046499252
0.0498093032837
0.109523162842
0.0501350975037
0.0632581853867
0.0288774585724
0.197934303284
0.0913740539551
0.116674900055
0.0236200714111
0.143333816528
0.0635588407516
0.0640242147446
0.0304974746704
0.0983539962769
0.194237689972
0.0484409856796
0.196432056427
0.10427863121
0.0501590013504
0.26026556015
0.042018122673
0.0398979878426
0.0675540924072
0.0646552753448
0.0358885025978
0.0889168834686
0.167138729095
0.0409626293182
0.159790239334
0.0417417526245
0.0866464138031
0.108280992508
0.112083692551
0.270873966217
0.134549484253
0.0580124616623
0.0811474990845
0.0511725091934
0.148412036896
0.0994748592377
0.177582950592
0.0379937601089
0.0710718154907
0.106750125885
0.0873316955566
0.227115364075
0.0959439468384
0.100180749893
0.063253660202
0.082855348587
0.109951705933
0.206867866516
0.0301870894432
0.0887599563599
0.0499536943436
0.127947235107
0.0975585842133
0.0804103088379
0.0321422553062
0.0963183689117
0.0942732906342
0.0733856868744
0.0725495529175
0.0699389886856
0.0396596217155
0.122794427872
0.083743019104
0.184539680481
0.0375769257545
0.0857088661194
0.0664001369476
0.0693005371094
0.0766027402878
0.15497220993
0.0524197673798
0.142138738632
0.0377831196785
0.146167201996
0.101601781845
0.0990049552917
0.117037420273
0.143272123337
0.095729932785
0.0217366504669
0.0727437067032
0.244833679199
0.154150619507
0.15759680748
0.15401017189
0.0928005504608
0.102840843201
0.112312488556
0.123131408691
0.0502322053909
0.118635644913
0.0525286626816
0.163465652466
0.0298867106438
0.0431666183472
0.0963687324524
0.19976442337
0.126839952469
0.231596031189
0.0962964820862
0.0340990662575
0.0437493801117
0.2138712883
0.0737500810623
0.0723214864731
0.10204287529
0.121662960052
0.0216577625275
0.122737283707
0.116124792099
0.118690624237
0.0251898169518
0.0799062871933
0.167905826569
0.11560585022
0.155425596237
0.0290795612335
0.167098388672
0.10750418663
0.0661363887787
0.103618822098
0.0922592926025
0.035691511631
0.11871556282
0.0857838153839
0.0700589466095
0.0708613491058
0.028147277832
0.0668331766129
0.0945790195465
0.161407089233
0.0641699314117
0.13874628067
0.187315006256
0.0734937047958
0.124930095673
0.118954992294
0.284852352142
0.180907497406
0.0744431447983
0.0545497274399
0.062016658783
0.171245326996
0.12684132576
0.114139795303
0.0581374168396
0.0512346601486
0.123116846085
0.0255214929581
0.114082813263
0.141674604416
0.0456303691864
0.17639383316
0.0868377590179
0.0591413402557
0.0756254529953
0.0833854007721
0.167075233459
0.0865423488617
0.0594228792191
0.0472876119614
0.106565122604
0.0594432020187
0.056963634491
0.0419549274445
0.0542687606812
0.163308429718
0.0666837072372
0.0236760020256
0.0775619697571
0.135443916321
0.0835632324219
0.0517697525024
0.0244427609444
0.0579786252975
0.0517333126068
0.0789103221893
0.0658841228485
0.0576516103745
0.171913852692
0.0310405921936
