0.02
0.0325841856003
0.0200904345512
0.044150800705
0.0292751693726
0.0844072914124
0.0409114933014
0.0201609516144
0.0984827709198
0.0830552864075
0.0413110685349
0.0301018834114
0.0200806665421
0.0407728815079
0.060437078476
0.027839114666
0.0232037353516
0.110266313553
0.0512059211731
0.0641450929642
0.0540279626846
0.0340683531761
0.207956981659
0.0733057689667
0.0205234217644
0.133414106369
0.084622297287
0.0209670829773
0.0306827020645
0.0576572084427
0.0255070662498
0.0436402082443
0.132701692581
0.0890488052368
0.0572105407715
0.0301236462593
0.0428254413605
0.0376674890518
0.0384019088745
0.0639190912247
0.0219693207741
0.0239575338364
0.0374763083458
0.0730154466629
0.0391261792183
0.124584283829
0.0744664573669
0.0662181091309
0.0335039877892
0.0367323970795
0.0200954246521
0.0730154705048
0.0342663288116
0.0512640428543
0.0472826719284
0.0649447917938
0.0626258611679
0.0650941801071
0.0485708713531
0.0239524102211
0.0367944359779
0.0784756803513
0.0706119012833
0.0771176815033
0.0275913453102
0.023084821701
0.0280159473419
0.0305540823936
0.0963289451599
0.0769577932358
0.103830280304
0.0323178792
0.0600503587723
0.111428985596
0.0607698106766
0.176529636383
0.0579942846298
0.0277950692177
0.035728096962
0.0468853759766
0.044317779541
0.0911344623566
0.043750128746
0.0838403511047
0.0616194391251
0.0434892225266
0.0200978684425
0.0374965906143
0.056327457428
0.0594495439529
0.0213571166992
0.0509472131729
0.040769033432
0.0338811230659
0.0227784872055
0.0200317621231
0.0211935758591
0.0621287822723
0.0642155170441
0.172850265503
0.0398656702042
0.0263407301903
0.0578017044067
0.0531299209595
0.0725938844681
0.0452339839935
0.0335348653793
0.0482333755493
0.049871263504
0.0206172561646
0.0399737048149
0.0213362979889
0.0545593738556
0.02
0.0201173567772
0.0206588554382
0.0499585390091
0.02
0.0218379187584
0.0459521722794
0.0505002355576
0.0294970822334
0.0252585124969
0.0202317690849
0.0661028862
0.0407753372192
0.0403010606766
0.0260840725899
0.0242558431625
0.0226790142059
0.0963422393799
0.0288164234161
0.0322878909111
0.0482312965393
0.0213777422905
0.113518247604
0.0520225143433
0.0466488647461
0.0231388068199
0.0201726675034
0.0835650062561
0.0231451153755
0.0498574876785
0.132722816467
0.0210567355156
0.090756149292
0.0204264783859
0.0543521308899
0.220420570374
0.063393034935
0.120995559692
0.0679404115677
0.10038061142
0.0247207927704
0.255745887756
0.0316286873817
0.0433532190323
0.0221653580666
0.038166680336
0.0632192564011
0.0467491388321
0.0235774517059
0.11465054512
0.0882933425903
0.100087976456
0.0871485424042
0.0212626886368
0.0427976989746
0.0209394025803
0.0206884717941
0.02
0.0212118148804
0.0285656642914
0.0257962632179
0.0292647457123
0.0903917694092
0.02
0.02
0.0202242016792
0.0241225886345
0.0455928945541
0.0233428382874
0.0878121376038
0.021966047287
0.0765753889084
0.0217034196854
0.0200097680092
0.0204112935066
0.0236375880241
0.0681083059311
0.020900015831
0.0842054843903
0.102944469452
0.0893714046478
0.02
0.0769145965576
0.02
0.0267251753807
0.044710149765
0.167690505981
0.116540699005
0.0277846193314
0.0560526990891
0.0251713895798
0.0230625104904
0.0501575756073
0.0317779183388
0.0979440689087
0.0278620862961
0.0643754911423
0.0487056016922
0.0273956632614
0.0469121360779
0.0312919926643
0.0716765451431
0.110575580597
0.0641750812531
0.0901383399963
0.0355793499947
0.073911948204
0.0347572731972
0.0999196815491
0.0273191761971
0.103531007767
0.0791978263855
0.069271197319
0.0512987184525
0.042345662117
0.0212194180489
0.0263618469238
0.156844415665
0.0286666870117
0.0313112211227
0.065765504837
0.0817726325989
0.0450645256042
0.0602871847153
0.134214115143
0.0323111224174
0.0204652261734
0.0422391366959
0.057224111557
0.136142292023
0.0401085996628
0.0911395931244
0.230038280487
0.1103561306
0.0286924433708
0.0244995355606
0.0998198890686
0.0310478639603
0.03434664011
0.0218779969215
0.0328687405586
0.0236696457863
0.0226225590706
0.0295463657379
0.0542057037354
0.0752280282974
0.0538119840622
0.144562520981
0.0818535900116
0.0472707843781
0.0485632324219
0.0798911714554
0.104518690109
0.14199971199
0.118488912582
0.0621709251404
0.0464447784424
0.0515705871582
0.133712272644
0.0836855506897
0.0378635025024
0.0521373939514
0.0460313940048
0.0309418988228
0.0887755298615
0.0214407324791
0.0487806749344
0.126795282364
0.0200054955482
0.171920509338
0.0200733351707
0.0418318319321
0.135274925232
0.0206609249115
0.0570449304581
0.0498111963272
0.0438712978363
0.110283346176
0.0795541000366
0.102061090469
0.125181684494
0.0300028181076
0.0477197551727
0.0814306259155
0.0427274179459
0.0216239213943
0.0515976572037
0.131712579727
0.0739324998856
0.0700330543518
0.0855494785309
0.0944996547699
0.0298609089851
0.0629576349258
0.181679382324
0.164369392395
0.180456542969
0.0873461437225
0.0566812992096
0.16232919693
0.0702053976059
0.0200709176064
0.0615182065964
0.0866560935974
0.0557206058502
0.108232030869
0.024738881588
0.0632104921341
0.0796839284897
0.0306848907471
0.039233455658
0.143581218719
0.0349618172646
0.0265101289749
0.0998180007935
0.044382390976
0.104137144089
0.099469127655
0.109320487976
0.0292633581161
0.26922334671
0.0285487723351
0.116619434357
0.0561832380295
0.052209777832
0.280525836945
0.239738750458
0.0222017526627
0.0465575361252
0.0880641651154
0.0331542038918
0.0942712497711
0.0239314985275
0.119651880264
0.100047950745
0.028217689991
0.0757176589966
0.0789811134338
0.112959432602
0.024221572876
0.0830474376678
0.0492773866653
0.020810174942
0.0225207018852
0.148700704575
0.119819478989
0.0520729541779
0.0479014396667
0.0374689865112
0.0809590816498
0.231694641113
0.0299730467796
0.0983283233643
0.097199420929
0.0291752934456
0.0569767713547
0.181851654053
0.190500297546
0.0221908450127
0.0366548705101
0.0937010192871
0.117848901749
0.107620162964
0.0505971479416
0.141838912964
0.0676240158081
0.0669815540314
0.0237279677391
0.0686124706268
0.0647560930252
0.150916948318
0.0242100167274
0.054875202179
0.0641023492813
0.035163257122
0.0282534813881
0.127439413071
0.0967538833618
0.0999179935455
0.0221507883072
0.16715669632
0.104979095459
0.105993537903
0.0258648920059
0.0672384595871
0.040075507164
0.0202282810211
0.102395362854
0.0550671434402
0.0369270610809
0.180430202484
0.104151754379
0.137617712021
0.0533394050598
0.020545630455
0.0301560306549
0.152591276169
0.130508747101
0.0255688881874
0.0988605976105
0.19830827713
0.0578443717957
0.0868560886383
0.135715475082
0.129107522964
0.0509664201736
0.0442866897583
0.0365172243118
0.0313038492203
0.0516696691513
0.0526719856262
0.0785246896744
0.0349050045013
0.13857257843
0.050283036232
0.0401406097412
0.125872755051
0.0257416772842
0.0504847240448
0.101012363434
0.0535825824738
0.13330906868
0.0690548992157
0.139008579254
0.0582044363022
0.041088309288
0.0543165922165
0.068701004982
0.0282527470589
0.0697224760056
0.0586181926727
0.039316174984
0.0597055244446
0.0256398844719
0.0497829198837
0.0223079586029
0.153782720566
0.0746030855179
0.0652286100388
0.0200293111801
0.0432904434204
0.27270608902
0.131840982437
0.0260819220543
0.0602645492554
0.142277565002
0.0465926933289
0.097083530426
0.220558319092
0.134405193329
0.115857048035
0.041948633194
0.0255820846558
0.0347254800797
0.131115818024
0.0222283744812
0.0742539358139
0.0625232601166
0.0495355319977
0.0543720674515
0.0579391527176
0.0351515817642
0.1271534729
0.174622707367
0.258861198425
0.130982017517
0.068709731102
0.104956016541
0.0342881393433
0.108671302795
0.0494530630112
0.109083499908
0.0656417512894
0.218159046173
0.03180945158
0.119451618195
0.110472736359
0.0271089911461
0.0286259865761
0.0890789604187
0.117932624817
0.101385164261
0.0326541090012
0.0808140182495
0.0437738895416
0.224097518921
0.0655274868011
0.136711091995
0.0729524898529
0.0375608325005
0.0593121194839
0.101630773544
0.101107740402
0.0993250370026
0.0726757383347
0.232036571503
0.0428977441788
0.123411531448
0.173632068634
0.0975995826721
0.0278186583519
0.066370177269
0.0736406421661
0.0996378517151
0.105195636749
0.172574138641
0.0714794445038
0.0313990497589
0.0203399991989
0.102970247269
0.0712912034988
0.0914238834381
0.0262179589272
0.0303292798996
0.217964820862
0.0819902706146
0.0520284795761
0.0217501091957
0.0678395795822
0.0266439557076
0.038061132431
0.0306834888458
0.176432056427
0.0775995922089
0.0818314266205
0.0449129199982
0.0419526386261
0.211319713593
0.0843092727661
0.164807910919
0.182968463898
0.0933371925354
0.0767795276642
0.147504453659
0.0420923423767
0.0813670635223
0.113795461655
0.0982874488831
0.0498697805405
0.0617500114441
0.0600798797607
0.0914302921295
0.0765769338608
0.106755275726
0.0664080476761
0.060330786705
0.195173912048
0.105326366425
0.0392559909821
0.0693165969849
0.183254032135
0.104525938034
0.0218538475037
0.0450106191635
0.0273201799393
0.0983345317841
0.135339870453
0.0928152942657
0.122136354446
0.0455885744095
0.0373324036598
0.105442695618
0.0759338092804
0.147623023987
0.128140592575
0.0936508655548
0.0758966302872
0.0975549888611
0.0732847070694
0.0314041805267
0.101734485626
0.0219706177711
0.106641521454
0.174058628082
0.0363586354256
0.0447471952438
0.0973884773254
0.0595238208771
0.0325113511086
0.0494635057449
0.0314983344078
0.109834928513
0.0263689231873
0.0520806360245
0.057322974205
0.0934236049652
0.050213136673
0.245018501282
0.0514385604858
0.0698690748215
0.0629288482666
0.0274119591713
0.105010452271
0.089144115448
0.0318888401985
0.0287397050858
0.0781126022339
0.068727388382
0.119519023895
0.1065899086
0.0465231180191
0.0781172323227
0.108193893433
0.0875856018066
0.225487041473
0.227969169617
0.0912507724762
0.0375532388687
0.127739248276
0.100636386871
0.105503072739
0.165755901337
0.0900769710541
0.245228710175
0.0837201213837
0.175113334656
0.121552743912
0.0415580511093
0.0273910188675
0.0543046712875
0.135998630524
0.0878583526611
0.070710401535
0.102465791702
0.213317604065
0.0843946552277
0.0918956756592
0.0907008171082
0.186414852142
0.102043514252
0.308434505463
0.110719432831
0.0575631093979
0.087415933609
0.0522192573547
0.0526784420013
0.0993388462067
0.15421836853
0.120730848312
0.0429455852509
0.119315652847
0.194514827728
0.0738954782486
0.0424176073074
0.049902677536
0.16413394928
0.0810254669189
0.185553379059
0.0203258824348
0.0301816916466
0.130739154816
0.111899108887
0.0415133237839
0.185284633636
0.0713577604294
0.0534874391556
0.189389152527
0.106870260239
0.130331516266
0.0734116840363
0.18788066864
0.0876814746857
0.131914367676
0.142154798508
0.222929954529
0.107905454636
0.22516160965
0.095090675354
0.17656539917
0.0774295330048
0.0621543264389
0.165520973206
0.23481842041
0.0687929582596
0.116096143723
0.132798624039
0.147870769501
0.114250173569
0.160842437744
0.0506701803207
0.141642990112
0.0293583273888
0.102035036087
0.157824316025
0.160423183441
0.0434759759903
0.0461175346375
0.0295964193344
0.0253809785843
0.0208677124977
0.0979730033875
0.143736686707
0.0650305843353
0.127386255264
0.12216137886
0.0660670185089
0.11099527359
0.158568153381
0.0835294342041
0.195796337128
0.105312433243
0.0608992910385
0.0653807640076
0.155503349304
0.0638551616669
0.132786808014
0.202348918915
0.119802389145
0.049254360199
0.0391343903542
0.0841551876068
0.0438714408875
0.14066075325
0.181290035248
0.0426599550247
0.0494393920898
0.0753343153
0.0314662909508
0.167278308868
0.0641631364822
0.0902944374084
0.097064781189
0.0936411857605
0.0423711776733
0.106754407883
0.158758296967
0.104805850983
0.189628124237
0.0585439586639
0.0540812301636
0.0356699991226
0.138690099716
0.164939785004
0.123974542618
0.200011806488
0.114177646637
0.121298866272
0.114836015701
0.0446262598038
0.0451553869247
0.049612531662
0.109966030121
0.0560122060776
0.172284011841
0.089610042572
0.0316114521027
0.0952712535858
0.0827824020386
0.039584133625
0.164669589996
0.0655492258072
0.11707490921
0.146335344315
0.0724750995636
0.132332248688
0.0388199877739
0.0921704483032
0.0761462783813
0.089664850235
0.155780992508
0.0915862464905
0.0302337169647
0.101026945114
0.103736667633
0.103237743378
0.139017400742
0.0927068138123
0.0535071086884
0.0481111431122
0.1814295578
0.0242215800285
0.0427723503113
0.0789615726471
0.0696716451645
0.141967563629
0.0337357640266
0.162906494141
0.218592033386
0.050222492218
0.0840421772003
0.0490525579453
0.0599274778366
0.0865692996979
0.178429718018
0.0939551448822
0.065594830513
0.142392377853
0.0938538551331
0.0427517223358
0.160217056274
0.186032447815
0.0728699398041
0.244811706543
0.264841651917
0.195201759338
0.0448546791077
0.0439641904831
0.111085624695
0.0410253286362
0.100061721802
0.125586891174
0.0209579849243
0.155886421204
0.150370635986
0.164184188843
0.0830624389648
0.158577013016
0.0775703239441
0.129943933487
0.0533041524887
0.147845859528
0.0479730558395
0.11134390831
0.0786862468719
0.123550634384
0.148998184204
0.0593577003479
0.130103998184
0.11360701561
0.213627471924
0.128709821701
0.20767660141
0.0548369455338
0.111637182236
0.0812063503265
0.10427775383
0.0303799843788
0.114005718231
0.0400089788437
0.109660072327
0.0230338788033
0.114364881516
0.0669379711151
0.0794649505615
0.197866191864
0.224699821472
0.098988609314
0.0389553499222
0.0704063463211
0.160011882782
0.0661228990555
0.0656052875519
0.127910900116
0.117400331497
0.113878946304
0.114058074951
0.0555672883987
0.0853572654724
0.0787219238281
0.0851174736023
0.0662507963181
0.0444836759567
0.0394425082207
0.14936882019
0.25399515152
0.078903670311
0.0505812644958
0.0425227975845
0.185294971466
0.0508291149139
0.0395204281807
0.153280467987
0.0469722652435
0.128048734665
0.147097063065
0.0772039794922
0.0392265200615
0.178594474792
0.17534822464
0.0804255867004
0.111821928024
0.122735738754
0.126100940704
0.275732803345
0.0631653404236
0.102905197144
0.0376766228676
0.0955239868164
0.0217088341713
0.108317136765
0.0313092923164
0.0893133831024
0.0537708234787
0.180262889862
0.0600217199326
0.0402458190918
0.0559969758987
0.0385875964165
0.227087097168
0.102514505386
0.201573238373
0.0381935453415
0.0674954509735
0.161170482635
0.0897233200073
0.217760391235
0.102235050201
0.0476861190796
0.165196971893
0.0369044399261
0.042515745163
0.0541132926941
0.0848519802094
0.080469455719
0.149411439896
0.0446863698959
0.0508931732178
0.212312736511
0.0490087985992
0.0740573453903
0.0565336942673
0.0972917938232
0.113390769958
0.0653279733658
0.100688018799
0.0902832126617
0.129218320847
0.161218528748
0.0287950563431
0.0420961666107
0.0862223434448
0.0910611534119
0.0573774957657
0.174247760773
0.10713684082
0.0569321632385
0.091292848587
0.341827507019
0.0783874368668
0.0828359603882
0.0467730426788
0.0511591339111
0.0934938621521
0.0906203556061
0.18226858139
0.250563278198
0.039364733696
0.0841296958923
0.0459718370438
0.145544576645
0.0649604654312
0.173702545166
0.0392620515823
0.135294322968
0.0468094682693
0.0483008527756
0.129095201492
0.0478761434555
0.0421965742111
0.0398343062401
0.132194662094
0.160821533203
0.0214183998108
0.181034374237
0.0601172065735
0.177302398682
0.165157928467
0.108047266006
0.226704006195
0.150182237625
0.160027370453
0.173916740417
0.0430590677261
0.0342408299446
0.0511316633224
0.105409555435
0.0448928689957
0.139034061432
0.0465499687195
0.0654642009735
0.10596912384
0.0755606222153
0.0598126649857
0.0502635478973
0.0524233341217
0.161307849884
0.0945507526398
0.0408855104446
0.0295898842812
0.0731161117554
0.112563657761
0.168837203979
0.208059196472
0.126137809753
0.090507516861
0.0634717178345
0.0393041086197
