29.8038883209
32.4409866333
32.3165283203
33.6604614258
23.4241161346
37.9540710449
34.4169464111
25.283821106
35.1792831421
31.5229949951
32.0548439026
22.1205215454
31.1071949005
30.8960494995
27.4364738464
25.429353714
26.9073429108
29.8053245544
29.258846283
21.5232543945
29.4571590424
33.5814437866
32.3054389954
30.8445358276
25.6485443115
25.8587932587
28.3873767853
30.5316085815
31.3573360443
36.0065689087
27.7969474792
36.805683136
31.2319564819
33.1703948975
25.2520675659
33.6708984375
33.71509552
31.0696697235
23.5289459229
29.1170463562
35.8091583252
33.0072593689
27.7829189301
35.2820625305
22.5003910065
27.5386123657
33.4422035217
22.1948947906
26.2944583893
30.0088253021
28.9736557007
28.6983528137
28.0097923279
27.6231918335
35.0789794922
25.5986022949
27.5172996521
29.5627937317
29.7846069336
31.8316745758
24.2971973419
26.0048313141
21.709564209
20.82670784
32.1323394775
26.9276180267
32.0263252258
22.5472145081
32.4689102173
23.1073703766
23.805765152
22.457447052
25.514705658
38.1625518799
35.1431503296
24.3184661865
29.7701473236
20.5630779266
32.3223342896
23.0544605255
23.9661712646
31.9794425964
29.1942443848
27.8601341248
31.7988910675
34.8086624146
26.0391464233
25.6428985596
28.1840705872
29.8525390625
26.6265487671
28.5058860779
28.8988208771
33.2215805054
29.1275634766
34.6479606628
37.2422332764
26.2351131439
28.1419010162
32.1054992676
27.5206546783
25.6029167175
33.9542999268
21.8920230865
31.1679210663
30.9323120117
14.1908283234
24.8474597931
35.8896026611
25.1581516266
25.2573356628
25.4694824219
28.1649436951
28.9257087708
28.7820320129
27.6168460846
24.5794944763
23.7370452881
29.1701850891
29.835067749
21.8268871307
31.4045124054
22.3805084229
30.4875850677
29.6458263397
27.7042503357
27.4656257629
29.0807647705
27.6451377869
28.3718090057
25.4127540588
29.6504898071
24.1504135132
27.4402217865
22.8559303284
20.6989803314
19.2585792542
25.6410827637
29.3415241241
26.0234527588
25.5029144287
24.623210907
31.1112499237
19.9296836853
22.9657516479
22.6963539124
28.1277008057
24.9149055481
18.1390151978
21.3688755035
24.0260639191
22.7356033325
24.5379829407
23.7430477142
27.0296096802
25.1904735565
21.8218421936
24.3341712952
23.4570026398
29.3332691193
18.9911270142
22.7548141479
22.816236496
16.758928299
26.6521453857
26.4522266388
20.7246189117
21.1449337006
32.9491615295
24.6498241425
23.3375072479
32.530002594
27.5643024445
26.0316143036
22.1075973511
19.2579536438
20.2926864624
24.5195064545
28.035484314
24.5748977661
23.0142593384
27.3736991882
21.7466468811
18.7882442474
27.985748291
25.5519294739
28.5006637573
27.8112010956
21.3746356964
21.0956802368
20.2904148102
19.2065410614
30.5324783325
27.3222064972
23.9671478271
31.6004753113
19.4109916687
23.4714260101
32.0502357483
27.5661830902
31.6528511047
19.4255447388
21.4140071869
28.4737262726
21.3702316284
22.5395298004
28.2292938232
20.1829032898
17.9370975494
19.3765182495
18.9994812012
24.544916153
26.4633350372
21.5139102936
16.9687290192
23.4608020782
18.5423660278
20.8307495117
20.1831188202
20.8704872131
20.3534088135
23.5725250244
23.8962860107
22.7276287079
21.1635341644
29.5458431244
25.3685302734
32.5055122375
17.9439048767
18.949338913
26.1256370544
20.8040218353
19.5125579834
24.1183586121
24.9750270844
19.8622512817
23.1307849884
20.5220832825
21.8169193268
28.4937553406
24.2622203827
19.5507564545
19.9715957642
23.4713573456
16.2480278015
24.093290329
24.4422035217
20.4497280121
16.2590503693
20.3920936584
26.3239822388
16.287940979
27.131778717
21.901763916
24.7830562592
24.0979480743
20.5436439514
23.3273410797
19.7782974243
25.3889884949
19.2256183624
17.4030857086
19.0082454681
36.0451316833
27.904510498
24.7940654755
22.4016189575
23.4768199921
17.1778030396
16.7538642883
30.5640182495
22.6498775482
24.7336540222
20.3699264526
18.5476264954
28.4855690002
17.5793800354
18.9718952179
22.4834308624
17.5701828003
22.6218013763
23.3041419983
16.9167900085
23.398809433
19.8755607605
17.530916214
25.1544456482
22.7424087524
18.559425354
17.5822277069
11.8588752747
23.4049301147
15.8571929932
16.7912521362
19.0027313232
26.6867351532
28.2051811218
13.1572618484
19.2329139709
20.4385566711
21.2686462402
22.0600070953
14.7081136703
21.6325244904
23.7212467194
23.4333686829
20.9605808258
20.3963508606
13.7648830414
22.2084140778
21.7290267944
21.6064834595
17.6278686523
30.6517658234
22.4260654449
23.771150589
20.9591598511
18.7040882111
26.1884460449
25.7608718872
22.1187210083
26.6520347595
20.0731754303
20.288105011
19.9152984619
20.6984615326
14.2302894592
23.9637107849
25.9037761688
19.7765426636
15.8617963791
26.1470432281
17.0673236847
25.0764198303
19.8774681091
20.4185733795
23.1269721985
22.8771057129
27.8063907623
18.1765880585
16.7706546783
16.8041114807
25.3553581238
20.4000968933
36.1481285095
21.2966156006
16.6760444641
24.4390239716
15.4918451309
17.4137077332
22.1296253204
17.6045227051
17.5552902222
15.3703346252
24.3564319611
22.0142383575
20.6682300568
21.7710590363
12.2682743073
14.3490886688
32.2710456848
15.5751581192
20.1921787262
21.0891742706
16.1067619324
15.9848060608
18.0600223541
17.9028530121
21.6077632904
15.6875886917
17.7382011414
10.783949852
15.5609378815
12.2741680145
21.2090549469
15.2666721344
17.5343875885
24.2351016998
23.2820072174
16.6401100159
19.8083992004
21.853269577
15.9362764359
14.4558610916
16.5479946136
18.9408035278
10.9858875275
15.330242157
16.9626960754
17.121881485
14.8524951935
15.2445440292
17.8657073975
19.4920463562
23.8396549225
12.7156276703
22.4580612183
13.9618530273
20.9839725494
18.4572715759
17.185136795
13.6254892349
24.2706775665
17.6423778534
18.1395587921
18.4724063873
13.260178566
17.3371963501
39.9903297424
20.8589324951
18.4690113068
17.2921352386
15.833943367
12.6946659088
18.5965995789
21.0122070312
20.8401260376
16.6151123047
22.7486743927
16.8786315918
21.5878486633
14.3897409439
40.731262207
22.4754867554
12.7185297012
14.5316982269
34.0366401672
15.9633893967
22.2558631897
13.6459083557
16.7523155212
12.3830986023
11.2710065842
18.5874843597
13.0507383347
11.2361068726
17.6943874359
14.3810386658
19.245174408
15.2185125351
18.7920150757
13.3518028259
11.5242099762
18.3422470093
17.9274368286
12.5115184784
21.6874523163
12.6314973831
27.9577789307
14.5628967285
16.4894123077
21.2236499786
34.835899353
15.8486194611
16.701751709
11.8449630737
17.2473545074
20.401966095
19.4434642792
22.4923629761
12.3406438828
24.9031352997
16.7812252045
14.1189451218
15.3793907166
28.7764778137
20.0033721924
23.2191505432
19.3031578064
20.8702449799
26.4417972565
29.0718708038
18.3813209534
24.092830658
20.3015117645
20.7969245911
18.4959354401
28.3598880768
41.0238265991
15.7496385574
27.0009975433
34.8558654785
40.3168144226
25.8911361694
19.7959289551
26.3330459595
23.1316833496
10.0422859192
12.2837991714
29.1250400543
20.8598499298
48.881149292
22.454864502
22.2881469727
8.89880561829
11.9579944611
31.5216007233
14.0862617493
24.6422767639
17.1519584656
15.6226463318
32.4095840454
42.8116722107
34.386806488
25.7374744415
35.526638031
36.2013549805
36.6204528809
22.785692215
24.8709106445
30.8268280029
25.9305782318
13.3906612396
26.3442401886
27.6313514709
14.761089325
20.7510032654
25.3140678406
40.6550483704
41.438911438
15.6832914352
24.957616806
17.9320755005
15.4424705505
19.8789100647
12.1440706253
21.921869278
26.6619377136
35.7323608398
29.079875946
22.3969097137
28.060956955
21.0148792267
21.1770935059
26.5566310883
43.8247299194
40.8146629333
47.8972358704
29.2889080048
53.4912567139
28.9824256897
33.3697662354
16.6488342285
23.942855835
22.9026851654
40.9419021606
20.9398918152
25.9362373352
34.4007759094
26.2801074982
57.5483703613
33.0383605957
36.1448936462
27.7493839264
36.7699737549
40.1042556763
34.6086578369
17.3917121887
36.8633384705
33.6554946899
38.3875617981
32.6417007446
29.8478851318
45.8579750061
27.0095825195
33.8040733337
27.5939750671
27.01080513
30.241733551
28.8767089844
22.7683811188
17.4719829559
20.3074226379
31.4494037628
41.9549255371
42.5590553284
29.4024333954
26.1911392212
47.5893173218
42.5259628296
7.80627059937
29.3659706116
29.0629081726
22.2770881653
20.2599925995
47.7701911926
33.913520813
53.7067222595
33.1249732971
29.9735412598
30.3225784302
19.3422451019
24.1314601898
21.9122924805
33.2717323303
32.0869216919
17.768699646
26.9574146271
58.488697052
34.2358207703
17.5442428589
30.3165206909
41.8335113525
27.5784549713
49.5490493774
20.0132884979
40.5035552979
22.4742088318
26.119260788
35.5328178406
25.2113685608
25.4112167358
42.2886962891
32.8356552124
26.4048843384
26.7077083588
40.1203460693
30.0167045593
23.8542785645
22.5522575378
24.0299396515
20.0223560333
33.5178756714
29.129234314
24.2908096313
38.9479484558
17.0539741516
24.3502388
61.7482070923
20.8741569519
26.6150512695
30.2700614929
27.7799911499
19.7596435547
33.2784805298
38.4555664062
18.8046684265
20.4829025269
64.4588088989
33.7560577393
37.3363647461
27.0437602997
40.0497169495
29.2646923065
21.7010746002
45.0997848511
60.5016059875
67.9796676636
30.6656742096
47.4749984741
50.2939720154
23.1211624146
34.3390197754
45.0199699402
28.9858512878
32.1954345703
83.5159378052
29.0941905975
60.1297111511
50.2616615295
31.3264350891
42.8108253479
31.6466217041
44.7017974854
63.3917770386
28.0133686066
32.5252761841
34.3600273132
58.3975410461
52.3035812378
39.4096298218
50.4147338867
38.3115539551
52.9670562744
21.4359226227
32.4355125427
23.7301025391
32.7890129089
33.5032653809
31.7834186554
47.0519447327
41.0613708496
35.6150474548
45.1998176575
41.0449867249
29.6675605774
29.3684082031
36.582485199
34.2141876221
30.3144931793
51.4896507263
37.546497345
61.2486610413
41.8078460693
34.7411689758
38.2693748474
43.2401542664
45.8346748352
56.5143470764
44.2674598694
29.1422424316
23.4281139374
33.6737251282
76.8014068604
43.8445205688
31.5575618744
21.9612216949
21.2883987427
39.059387207
33.7240219116
33.8261032104
58.729057312
29.0646381378
38.2120170593
41.0190734863
50.4453964233
44.6155128479
44.2159004211
32.494102478
43.4909248352
61.0874252319
21.2837085724
38.2062950134
22.4076499939
32.4439964294
82.6540603638
43.7933769226
34.1741065979
54.7810821533
62.4972496033
21.0482501984
27.8480072021
30.6240653992
46.0158691406
73.0357284546
28.4809970856
39.1105575562
35.5188598633
21.1922264099
21.4405021667
34.5924072266
63.8282852173
19.3429794312
29.1374263763
27.0963497162
38.8064117432
44.0723571777
74.3976745605
30.3951568604
39.4845504761
65.7232208252
38.1847000122
56.5139312744
32.8408164978
30.9141921997
41.0413513184
47.6075744629
29.7088298798
42.6278076172
62.3820457458
39.7768058777
70.786895752
38.4174537659
52.2415122986
62.0731010437
33.1167984009
42.7361793518
43.5471954346
31.0576381683
45.0387992859
54.328792572
24.0544013977
38.1151695251
32.2925186157
38.666103363
21.663482666
26.3644371033
56.9279251099
49.1365814209
48.7991676331
54.9876060486
46.0651664734
22.8060970306
55.2675247192
34.2741622925
33.3221130371
42.3260231018
46.3148727417
36.9576721191
39.4926376343
26.9575309753
39.5886116028
34.0573272705
49.493347168
34.0755081177
55.8192138672
42.4890403748
45.7228965759
29.2818431854
41.963470459
43.2242698669
29.9831924438
31.8377685547
27.0366401672
17.5945186615
53.6324768066
26.9485549927
81.1629180908
35.9829406738
36.2820472717
41.5080299377
51.4859886169
44.938583374
27.9451389313
21.9426555634
38.8762741089
50.4594192505
33.0703086853
46.8986358643
44.5215606689
28.3684139252
40.3708114624
30.9202804565
24.5632648468
25.6290473938
37.3968391418
25.6424942017
30.7292900085
26.5381202698
79.2430725098
35.2196083069
37.4375038147
46.3787345886
26.2531700134
17.3680896759
41.6645317078
15.3102684021
24.8442306519
35.3200798035
51.8266944885
30.5626945496
11.146027565
44.7919082642
21.2279281616
55.8121070862
41.7807197571
28.4942398071
31.1592521667
36.8159713745
31.7977905273
19.0988006592
32.2188110352
40.1808509827
38.8117904663
50.5690002441
21.0596618652
27.7470607758
44.1658744812
36.6083755493
29.237329483
33.7402954102
48.7109527588
36.4619903564
26.6216697693
30.004152298
37.2259864807
39.5378074646
27.1948490143
53.8700675964
45.5382461548
50.1764793396
40.4854240417
23.534412384
22.5038032532
38.7239341736
39.4924850464
36.7341384888
37.0218086243
43.5091400146
31.6216278076
29.0776920319
50.8526229858
24.6849594116
17.8870887756
49.6555557251
65.7639694214
15.2249774933
36.3784942627
33.627571106
33.7626190186
19.0480117798
31.4393234253
39.7135391235
23.2738571167
42.6722297668
46.7149810791
44.0689277649
46.3888549805
16.2960834503
36.0710792542
36.296169281
32.738861084
56.6474456787
69.3993759155
39.2243041992
35.940120697
26.1848201752
27.5069389343
30.148273468
34.1527404785
26.1834506989
51.5257911682
53.8252182007
39.1645927429
44.6686172485
36.0615615845
21.7702407837
20.9906330109
40.8294410706
41.2230415344
60.2534408569
26.296995163
23.8009128571
28.5584201813
35.2362937927
56.9359931946
33.6610946655
35.4873962402
26.8776683807
48.2065887451
46.8308410645
36.5028190613
17.6662368774
54.3516578674
29.3977928162
31.5884056091
50.8396873474
38.3007125854
37.2463912964
25.8493824005
33.5944023132
43.2778930664
32.6659584045
42.1993865967
45.7682647705
31.6397018433
31.5965919495
20.485080719
34.1126365662
26.7692203522
44.2611083984
40.9233436584
21.2356071472
34.968837738
29.7791976929
31.2185516357
23.8136348724
39.2499542236
35.1252288818
32.2821006775
18.5259876251
30.9839096069
22.2612571716
36.6590270996
34.403427124
39.7329788208
47.1971969604
57.0712165833
38.7574539185
63.1174163818
35.4385261536
33.6822280884
48.9623718262
33.6932983398
33.0186500549
48.0081291199
29.5385818481
27.4714660645
43.2798080444
29.7833042145
49.1800727844
38.188117981
34.9940299988
18.0513591766
24.5310020447
29.482673645
40.3798446655
23.3889770508
34.3283653259
27.3045978546
23.7175140381
32.0390014648
29.212020874
25.0042877197
30.3333206177
19.7560310364
36.9515991211
18.1535243988
30.098367691
33.7474632263
