0.0210654377937
0.0209668374062
0.0269209480286
0.0200439691544
0.0228231096268
0.0204998588562
0.02
0.0230577087402
0.0438795280457
0.02
0.0238026595116
0.0200024414063
0.0200012207031
0.0207227945328
0.0210913968086
0.02
0.0200012207031
0.0200195360184
0.02
0.0253457355499
0.02
0.02
0.02
0.02
0.02
0.02
0.0302560281754
0.0201701903343
0.0200012207031
0.0216195321083
0.02
0.0228661394119
0.0200048851967
0.0200293087959
0.02
0.02
0.02
0.02
0.0257806706429
0.0206805801392
0.0284110689163
0.021948299408
0.0345477414131
0.02
0.020042746067
0.02
0.0206174135208
0.0203900456429
0.02
0.02
0.0200830936432
0.0200024414063
0.02
0.02
0.0200012207031
0.0200818681717
0.02
0.0247810769081
0.0268591570854
0.0347008681297
0.0365622711182
0.0207426381111
0.0302903199196
0.02
0.0202829694748
0.0201370167732
0.02
0.0200024414063
0.0200012207031
0.0200146508217
0.02
0.0200097680092
0.02
0.0200012207031
0.032075958252
0.02
0.0200610780716
0.020116250515
0.020141916275
0.02
0.0402745389938
0.02
0.0393541789055
0.0226033163071
0.0202056002617
0.02
0.0200097680092
0.02
0.02
0.022365322113
0.0420703411102
0.0200525403023
0.0200390815735
0.0202660417557
0.02
0.02
0.02
0.0205257964134
0.0200085473061
0.0443782234192
0.02
0.02
0.0200024414063
0.020042746067
0.0200073242188
0.0200317549706
0.02
0.02
0.02
0.0213073039055
0.02
0.02
0.0325931215286
0.0218418836594
0.02
0.0200268626213
0.0201958394051
0.0214672255516
0.02
0.0200317573547
0.02
0.0209820151329
0.02
0.0200806474686
0.02
0.0200293111801
0.0212760138512
0.0200855398178
0.02
0.020074532032
0.0200012207031
0.02
0.02
0.0365257000923
0.02
0.02
0.0200085473061
0.0258019399643
0.02
0.02
0.02
0.0377738165855
0.02
0.02
0.0200024414063
0.0320163249969
0.02
0.02
0.02
0.0201003026962
0.02
0.02
0.02
0.0279597210884
0.0200012207031
0.02
0.0200036621094
0.0398418688774
0.0200329756737
0.0200048851967
0.02
0.02
0.0243652868271
0.0259234595299
0.02
0.0202981996536
0.0200012207031
0.0288090634346
0.0329382228851
0.0200280857086
0.02
0.0205627942085
0.02
0.0332835769653
0.02
0.02
0.02
0.0200012207031
0.0200048851967
0.02
0.0200061058998
0.0201014757156
0.0206699872017
0.0213338136673
0.0200048851967
0.0200048851967
0.089663438797
0.0297712230682
0.0239233613014
0.0200073266029
0.0361271858215
0.02
0.02
0.0363407254219
0.0316511702538
0.02
0.0200061058998
0.0200635313988
0.0200329732895
0.0339440488815
