-297.791717529
-299.460662842
-292.378875732
-302.445556641
-309.015686035
-313.194854736
-330.693969727
-291.419799805
-334.655303955
-307.09463501
-295.497924805
-324.09552002
-332.470703125
-291.556610107
-294.90435791
-303.888549805
-305.679443359
-321.953460693
-287.97644043
-305.410064697
-297.618438721
-309.745117188
-323.101196289
-305.246154785
-334.827026367
-318.930541992
-298.560913086
-316.055236816
-292.616088867
-313.791046143
-287.770690918
-322.546966553
-294.854125977
-338.317962646
-319.025665283
-329.633575439
-322.119354248
-315.626800537
-320.072479248
-293.073425293
-314.48449707
-297.597869873
-321.068786621
-310.715698242
-332.41583252
-323.826171875
-305.109130859
-329.340087891
-322.532623291
-291.38079834
-285.65725708
-336.005828857
-283.656158447
-311.535675049
-318.802185059
-298.312713623
-282.629058838
-319.605621338
-328.649108887
-326.044372559
-303.551483154
-320.552703857
-297.390228271
-311.650360107
-313.302062988
-309.084899902
-293.350891113
-303.957672119
-288.199462891
-327.048095703
-317.51675415
-318.746490479
-321.477294922
-308.852874756
-283.990447998
-334.969085693
-279.975341797
-293.433044434
-305.632843018
-288.32421875
-325.218261719
-297.452453613
-300.056427002
-308.221710205
-310.919281006
-315.640686035
-311.283203125
-322.743865967
-279.168121338
-301.861633301
-330.757507324
-289.427337646
-330.818328857
-290.855407715
-310.160064697
-315.521514893
-296.762756348
-294.05355835
-315.264221191
-309.487121582
-325.341827393
-300.619903564
-288.534179688
-297.437255859
-333.102294922
-334.749511719
-278.094787598
-297.42086792
-301.56161499
-307.544189453
-312.854003906
-306.124145508
-309.869873047
-302.31640625
-302.931640625
-321.986419678
-312.345367432
-298.717193604
-311.897338867
-314.946624756
-328.426940918
-303.443267822
-272.477752686
-308.774993896
-304.499694824
-331.455932617
-326.230255127
-333.765441895
-320.282714844
-296.047027588
-339.87588501
-298.687591553
-287.284790039
-299.274475098
-290.109008789
-311.637390137
-306.141052246
-333.537994385
-284.711639404
-311.716094971
-303.067382812
-290.903411865
-343.871398926
-314.454681396
-306.650634766
-326.430938721
-297.271911621
-295.794677734
-337.406402588
-282.648040771
-288.198303223
-292.512512207
-322.689025879
-314.830047607
-290.923706055
-312.368560791
-332.772857666
-283.634979248
-340.094024658
-290.148620605
-294.878051758
-339.03125
-295.124053955
-289.200317383
-286.066741943
-294.169677734
-307.052307129
-305.969360352
-313.096191406
-286.601531982
-314.292022705
-315.882385254
-299.121398926
-325.932678223
-296.988342285
-325.887359619
-307.160400391
-289.49307251
-296.746856689
-322.383758545
-304.919952393
-326.665252686
-307.682159424
-312.262359619
-309.714019775
-332.999725342
-306.753509521
-314.458953857
-284.366851807
-289.969451904
-285.792053223
-288.889038086
-290.832427979
-321.674041748
-307.903106689
-320.647521973
-301.268310547
-309.639709473
-335.484741211
-296.274749756
