-271.082427979
-371.847930908
-262.75289917
-292.065490723
-334.094024658
-374.660736084
-329.113769531
-282.169128418
-238.880233765
-395.449981689
-261.547424316
-328.427856445
-272.000823975
-294.242156982
-329.700592041
-322.246337891
-349.494812012
-322.462982178
-237.269882202
-338.080749512
-288.289398193
-307.592132568
-308.250610352
-265.483123779
-299.62487793
-236.50050354
-316.741973877
-281.772918701
-315.492858887
-220.490249634
-242.327835083
-353.092010498
-373.280303955
-249.278045654
-204.235321045
-221.549240112
-341.452911377
-282.969970703
-280.189239502
-240.955963135
-321.401245117
-335.158599854
-289.144073486
-275.638641357
-301.892669678
-279.099273682
-251.297668457
-292.690338135
-306.22277832
-368.832366943
-278.155639648
-203.805496216
-300.83996582
-220.581939697
-353.116973877
-302.623748779
-285.48348999
-229.577026367
-365.272064209
-325.318786621
-402.674255371
-286.715148926
-381.254852295
-398.883605957
-312.679321289
-252.14175415
-276.319763184
-212.886901855
-322.258514404
-247.049972534
-238.908569336
-306.584228516
-396.391204834
-375.106018066
-360.678863525
-377.249633789
-345.512481689
-257.081817627
-324.318908691
-370.671142578
-281.027069092
-303.923248291
-218.055526733
-260.314117432
-356.55078125
-198.663101196
-269.145782471
-227.412155151
-265.066772461
-238.689239502
-406.27230835
-330.694793701
-296.39730835
-221.750259399
-309.785186768
-335.937957764
-313.905334473
-233.624404907
-242.149139404
-332.123260498
-329.608062744
-321.604888916
-256.145446777
-288.873138428
-307.476104736
-312.697418213
-232.876235962
-300.130493164
-268.993743896
-234.168869019
-206.173980713
-331.755462646
-235.627975464
-250.158935547
-277.838531494
-312.040252686
-320.803344727
-275.387786865
-264.762634277
-236.242980957
-395.685455322
-289.111572266
-406.729705811
-292.240234375
-207.203414917
-294.751037598
-277.349914551
-291.734069824
-352.782196045
-271.672546387
-369.707611084
-236.515167236
-322.624786377
-237.649337769
-321.300933838
-263.268249512
-292.667419434
-290.359405518
-238.287811279
-318.927429199
-286.194854736
-297.633209229
-292.980743408
-295.853942871
-312.759460449
-225.687789917
-266.081420898
-357.431793213
-293.726593018
-328.158294678
-317.903564453
-329.61895752
-244.825805664
-222.510025024
-342.986450195
-192.215377808
-371.553283691
-288.160095215
-250.795974731
-322.630187988
-295.597167969
-203.1590271
-254.293823242
-368.771972656
-303.197723389
-248.438995361
-371.587188721
-294.942993164
-275.481811523
-280.05166626
-208.595031738
-259.389678955
-225.431243896
-394.978668213
-297.138641357
-320.688110352
-355.943786621
-225.043502808
-308.760437012
-332.908508301
-279.726165771
-193.66343689
-276.818756104
-226.955276489
-229.967147827
-299.212554932
-237.22416687
-273.816314697
-307.393920898
-319.507049561
-237.722824097
-308.319213867
-232.895553589
-220.337036133
-212.824066162
-310.376800537
-346.644836426
-357.454498291
-256.94317627
-269.504974365
-293.756530762
-261.062316895
-384.922058105
-292.292175293
-338.54901123
-253.779724121
-241.702285767
-231.198471069
-236.430496216
-251.079864502
-311.506408691
-358.103790283
-276.944976807
-271.433563232
-269.496643066
-303.887176514
-255.432281494
-217.07510376
-291.47833252
-374.398834229
-336.666473389
-454.674133301
-227.868804932
-279.210601807
-204.562255859
-354.785003662
-234.553634644
-230.923614502
-285.300018311
-294.539611816
-208.335128784
-351.314331055
-321.204711914
-280.098052979
-338.374267578
-266.72946167
-227.157012939
-281.909759521
-275.298614502
-382.50982666
-370.287200928
-300.228881836
-282.691070557
-264.33581543
-306.626403809
-269.277496338
-252.715026855
-261.988372803
-303.634887695
-302.937805176
-239.778564453
-309.066375732
-311.164367676
-304.936523438
-267.513946533
-309.613739014
-273.972595215
-308.015472412
-291.33795166
-226.642730713
-331.38369751
-210.08392334
-368.815979004
-276.765991211
-327.455993652
-317.394958496
-228.653640747
-258.568023682
-322.315704346
-255.584686279
-288.06048584
-257.478912354
-325.13458252
-226.550064087
-278.267364502
-249.364929199
-286.291778564
-330.797515869
-364.680053711
-313.226318359
-307.858062744
-290.926940918
-279.305297852
-308.8409729
-280.560150146
-359.498260498
-304.541748047
-322.035736084
-234.177749634
-255.010406494
-239.411392212
-273.874450684
-276.16607666
-205.524261475
-186.270187378
-218.382949829
-236.875930786
-211.137863159
-333.550231934
-266.955291748
-271.355926514
-265.254150391
-245.984466553
-239.375488281
-305.278930664
-349.236816406
-275.733337402
-290.624755859
-343.730560303
-258.285003662
-328.943145752
-238.087539673
-237.917114258
-352.852386475
-268.860931396
-221.812805176
-283.950042725
-261.303710938
-337.874694824
-431.044189453
-234.733047485
-284.564117432
-199.173217773
-297.15423584
-280.250549316
-384.569549561
-273.872894287
-204.673446655
-345.56640625
-311.577758789
-205.552658081
-267.551849365
-318.237945557
-287.23840332
-288.998382568
-299.713928223
-276.183654785
-301.914001465
-330.642944336
-215.113449097
-303.303222656
-333.491027832
-266.661743164
-337.854675293
-294.276641846
-223.674911499
-314.703704834
-219.794235229
-276.686401367
-329.486328125
-271.892608643
-344.368682861
-250.934570312
-249.712265015
-212.146255493
-245.102355957
-298.374359131
-237.02394104
-320.86416626
-268.018707275
-304.304870605
-317.791503906
-264.748901367
-290.17666626
-294.880615234
-320.193939209
-425.290496826
-318.486907959
-308.676940918
-298.444488525
-230.895339966
-203.035934448
-329.894683838
-271.385284424
-294.556030273
-260.52633667
-272.08001709
-281.750305176
-322.168457031
-269.540283203
-298.017272949
-300.689178467
-196.084274292
-227.12538147
-267.013977051
-262.936645508
-297.202697754
-260.228515625
-351.894958496
-332.545074463
-264.741607666
-235.489990234
-268.728637695
-227.017120361
-280.987854004
-354.204864502
-336.75213623
-335.820251465
-321.422058105
-183.206985474
-232.266540527
-237.530563354
-278.873779297
-252.529632568
-344.669311523
-270.436126709
-294.075958252
-226.90486145
-253.258926392
-287.423431396
-239.304595947
-204.992431641
-322.972900391
-308.329772949
-180.512878418
-330.710021973
-276.492156982
-213.879638672
-287.108764648
-331.657073975
-267.326904297
-305.696350098
-305.5496521
-288.651153564
-306.481323242
-358.672821045
-254.12046814
-238.89515686
-235.327758789
-401.433074951
-257.896728516
-306.403289795
-274.609985352
-244.206680298
-362.884979248
-348.623962402
-264.624176025
-297.87701416
-269.939849854
-322.553039551
-333.493286133
-201.026321411
-363.1902771
-339.383331299
-292.118621826
-293.675994873
-273.961242676
-322.241363525
-341.541809082
-253.282989502
-211.889022827
-281.914367676
-332.120544434
-328.519073486
-293.436431885
-235.615447998
-246.740692139
-355.028381348
-276.9559021
-301.933990479
-331.953613281
-323.160369873
-190.923095703
-280.26385498
-239.915130615
-283.143432617
-316.226470947
-333.217926025
-258.989044189
-174.721755981
-230.175018311
-229.315414429
-366.905395508
-249.638763428
-341.373474121
-331.344604492
-404.787811279
-324.423858643
-331.40435791
-260.202484131
-228.948638916
-309.605712891
-299.175476074
-279.753662109
-336.240783691
-269.906280518
-344.984985352
-209.464279175
-250.772994995
-286.613708496
-287.664428711
-281.954681396
-278.994995117
-273.37298584
-251.456329346
-271.486999512
-340.546447754
-242.102966309
-305.18145752
-460.871643066
-278.303894043
-268.733032227
-368.749511719
-220.238021851
-235.780731201
-275.543304443
-237.965133667
-247.554595947
-285.145263672
-315.802642822
-298.881317139
-220.891433716
-270.394958496
-299.695343018
-270.473144531
-303.302978516
-302.77923584
-265.970062256
-263.558013916
-223.978759766
-351.617736816
-261.873779297
-311.875366211
-297.514526367
-217.558456421
-242.383712769
-233.736358643
-202.798904419
-265.772613525
-195.072158813
-335.061096191
-238.18548584
-286.986816406
-215.660507202
-319.022064209
-402.051452637
-304.482696533
-201.409790039
-377.637451172
-263.502868652
-303.928344727
-296.19720459
-235.506576538
-253.082092285
-282.476196289
-309.140289307
-318.619476318
-317.79977417
-346.49710083
-258.225250244
-267.509063721
-325.542755127
-284.152252197
-252.125686646
-282.501831055
-258.311218262
-310.136932373
-295.898376465
-298.601715088
-295.953826904
-377.093780518
-294.044708252
-239.908691406
-305.395751953
-351.467102051
-227.763381958
-297.767944336
-312.182891846
-258.806976318
-298.277038574
-338.535583496
-278.851928711
-252.733291626
-222.328903198
-294.563903809
-272.564788818
-419.601013184
-277.953369141
-262.392059326
-305.094787598
-295.306854248
-232.801681519
-237.355331421
-286.716369629
-253.365356445
-264.738647461
-246.650054932
-377.039733887
-359.145050049
-342.387786865
-231.995513916
-234.677581787
-304.380767822
-236.936950684
-331.003387451
-267.300872803
-325.09487915
-374.877166748
-349.192077637
-276.272888184
-282.801055908
-366.083251953
-356.407836914
-364.490905762
-243.673110962
-275.628662109
-248.575088501
-345.573303223
-262.59753418
-248.913314819
-242.998001099
-275.275970459
-285.239654541
-291.620178223
-275.436798096
-226.34677124
-289.254669189
-316.233062744
-313.625915527
-286.206970215
-225.931533813
-356.886352539
-215.109039307
-404.65512085
-267.899932861
-220.170608521
-267.40020752
-253.006835938
-257.769012451
-291.366149902
-306.887969971
-271.933654785
-269.144683838
-283.714050293
-318.049865723
-178.421951294
-358.013427734
-226.680664062
-238.960159302
-353.560974121
-221.7762146
-235.511184692
-212.315490723
-275.805786133
-197.986862183
-215.001647949
-253.559020996
-239.882751465
-283.955780029
-247.786270142
-193.142578125
-285.270294189
-319.46697998
-257.965820312
-293.887390137
-266.012359619
-278.683410645
-191.903625488
-312.971374512
-332.836425781
-309.779663086
-281.182373047
-310.844665527
-309.992523193
-222.847915649
-294.750396729
-271.473449707
-280.213043213
-357.533416748
-286.920288086
-263.155029297
-306.236877441
-233.890869141
-293.75579834
-235.321716309
-231.443664551
-246.677368164
-303.914245605
-253.344406128
-277.853393555
-236.369979858
-326.824127197
-235.900985718
-329.992919922
-267.715393066
-346.150543213
-322.377471924
-231.925949097
-253.225234985
-276.912231445
-373.371063232
-270.521392822
-324.287719727
-331.417907715
-283.202850342
-190.942108154
-358.283233643
-293.793823242
-319.707946777
-278.629974365
-260.228149414
-240.691238403
-296.233612061
-334.096343994
-337.329528809
-257.071868896
-232.514755249
-324.924041748
-320.639099121
-340.551239014
-258.075897217
-262.169555664
-210.352600098
-265.56628418
-267.637237549
-319.572418213
-254.109619141
-255.723602295
-296.167663574
-215.027481079
-232.48789978
-258.045349121
-265.208709717
-313.745666504
-365.392730713
-225.767593384
-360.762756348
-325.308502197
-253.279022217
-334.858520508
-290.168884277
-311.121795654
-373.683898926
-285.743988037
-296.121582031
-330.778869629
-232.637329102
-308.280944824
-336.147857666
-306.201171875
-207.854187012
-255.250961304
-242.566238403
-330.576599121
-295.995452881
-272.782531738
-217.714401245
-297.817382812
-322.233459473
-208.283203125
-204.734634399
-242.994644165
-288.8956604
-218.227844238
-313.605743408
-244.852127075
-204.374893188
-251.794647217
-279.17956543
-267.807250977
-240.933486938
-277.603088379
-213.774398804
-236.130767822
-314.628295898
-253.281311035
-228.135406494
-392.79196167
-319.768432617
-307.848815918
-275.341217041
-358.597351074
-258.143859863
-347.602813721
-265.929504395
-294.046875
-235.427398682
-232.035522461
-312.235839844
-287.458770752
-186.564941406
-301.860107422
-310.528991699
-315.52432251
-254.084991455
-337.560211182
-243.0078125
-297.022369385
-224.075210571
-351.460174561
-280.95324707
-258.06060791
-312.976074219
-229.734420776
-229.88609314
-326.184906006
-346.672149658
-210.072982788
-220.526351929
-260.553985596
-265.005767822
-311.346008301
-258.920928955
-307.978271484
-317.169555664
-333.682067871
-259.462127686
-317.315612793
-359.470245361
-239.770553589
-231.409393311
-297.837860107
-317.130859375
-218.529876709
-331.436584473
-264.63684082
-268.118499756
-179.414901733
-323.872436523
-242.297897339
-219.580703735
-308.709381104
-298.827209473
-246.358734131
-337.572418213
-264.326721191
-270.77746582
-218.300140381
-380.234863281
-290.336090088
-286.250701904
-291.199859619
-292.394744873
-243.231521606
-203.772033691
-317.715209961
-254.097808838
-277.753662109
-260.237213135
-243.115951538
-280.813232422
-328.126586914
-301.933166504
-292.110412598
-446.65625
-373.296142578
-394.596893311
-277.323791504
-257.790130615
-253.957489014
-317.519348145
-273.320739746
-253.630554199
-375.362609863
-389.762451172
-264.38394165
-188.751678467
-383.128753662
-259.869812012
-266.34262085
-277.871612549
-303.390930176
-235.213058472
-337.676574707
-346.39251709
-237.89881897
-232.912475586
-224.097595215
-211.165359497
-251.797103882
-281.536956787
-288.333251953
-292.981536865
-227.111938477
-279.534362793
-243.466781616
-172.13949585
-270.176116943
-373.02911377
-244.564178467
-330.360687256
-287.147735596
-317.444976807
-307.864318848
-253.081588745
-350.92590332
-352.163024902
-239.606414795
-248.233627319
-281.915344238
-299.923858643
-299.743041992
-265.993896484
-295.012664795
-246.264846802
-253.544906616
-262.540130615
-294.630279541
-388.576477051
-218.103378296
-306.532775879
-275.080474854
-292.285339355
-231.483169556
-278.475036621
-260.8487854
-269.970428467
-253.81060791
-238.698074341
-282.992462158
-321.860595703
-259.707519531
-231.577468872
-361.879211426
-245.25
-255.267745972
-270.239776611
-265.365905762
-278.637481689
-354.560333252
-241.771530151
-273.347351074
-198.653030396
-259.345092773
-302.975372314
-264.57119751
-318.463287354
-356.322723389
-245.059890747
-219.388198853
-276.230102539
-241.274871826
-259.165496826
-264.942718506
-270.564025879
-254.427276611
-255.094223022
-238.497680664
-304.069396973
-251.723373413
-370.30380249
-295.420288086
-286.609588623
-310.672088623
-250.823532104
-255.462020874
-299.018585205
-292.450164795
-264.308288574
-250.050811768
-279.995544434
-289.505523682
-258.107910156
-227.432785034
-332.194824219
-270.485015869
-229.676391602
-359.507354736
-230.918106079
-354.734039307
-263.834503174
-271.767089844
-440.328735352
-341.41986084
-236.713424683
-232.960510254
-330.768188477
-313.307220459
-278.172607422
-269.439208984
-315.107818604
-317.586914062
-333.483581543
-272.833282471
-332.061767578
-263.106048584
-252.508987427
-316.784118652
-255.035430908
-276.228363037
-291.296844482
-320.178588867
-241.742828369
-240.131744385
-248.168289185
-215.590759277
-355.263366699
-239.831192017
-341.30480957
-354.456817627
-336.571929932
-212.452636719
-197.817642212
-368.325469971
-203.757965088
-266.492248535
-276.962219238
-270.277313232
-263.237762451
-225.055923462
