606.432617188
829.298828125
777.039550781
696.187866211
734.767822266
1784.14233398
1067.61157227
636.676330566
663.288452148
1959.6965332
671.027160645
968.164672852
652.980224609
506.992797852
975.04498291
1457.41259766
1617.57641602
906.236877441
317.712890625
821.138122559
773.147216797
239.104003906
606.621032715
649.243652344
297.501281738
298.757537842
604.758300781
164.22428894
331.691070557
235.188064575
225.467468262
371.923492432
684.616882324
178.269577026
263.410186768
480.104278564
338.855560303
287.356719971
314.922668457
408.461700439
314.307403564
328.43862915
418.836029053
321.994934082
942.400756836
392.5050354
214.413711548
261.854095459
165.889465332
179.393310547
147.545181274
193.832138062
138.634384155
384.412475586
165.35118103
485.526641846
125.954040527
115.910354614
269.257659912
128.235229492
227.695922852
157.414627075
340.66003418
133.920593262
116.863754272
178.580963135
143.991439819
111.047447205
254.37588501
115.3567276
202.053695679
234.503555298
206.866592407
267.175598145
270.375701904
417.606872559
197.575134277
173.803512573
1095.52844238
137.501678467
106.896194458
184.727813721
281.7890625
212.665496826
166.900161743
321.116333008
163.356719971
176.941619873
230.722885132
141.082565308
339.532531738
107.678871155
289.536102295
111.074981689
210.59564209
100.303970337
214.438323975
230.375793457
163.505020142
166.71836853
86.8803939819
253.684188843
118.13949585
210.56149292
104.060852051
107.176589966
147.807312012
118.792617798
101.832145691
114.393753052
181.477935791
143.916793823
75.9840240479
130.414077759
124.009635925
94.1544494629
116.721694946
153.413970947
76.2327804565
83.0263671875
160.836456299
125.447875977
102.909988403
136.225341797
97.8962097168
122.923950195
168.930786133
87.8841247559
126.222167969
105.777351379
73.9432220459
52.6471824646
75.7878646851
56.3652420044
84.7985687256
105.693359375
57.0135154724
77.3167495728
167.77822876
147.546310425
58.7399024963
135.510910034
46.1426887512
67.1097106934
77.3592758179
73.6111984253
68.4353561401
77.082572937
61.3984718323
153.747558594
89.4994125366
96.6855926514
62.6985321045
42.613445282
128.716217041
49.3238601685
47.7344398499
55.0617141724
59.6101226807
83.0079269409
72.3766937256
56.1798324585
33.80519104
49.3288421631
52.1919441223
56.4231872559
40.6307449341
108.827690125
50.8180847168
52.0790328979
78.0338516235
149.596557617
42.8258781433
105.216156006
85.2646484375
118.358734131
96.2170257568
29.8933353424
51.1714668274
36.9991188049
55.6245574951
41.2965812683
55.7158470154
32.4194068909
69.5985641479
79.6357040405
37.4780197144
191.115219116
35.5382156372
37.2698974609
71.145980835
44.5986289978
69.1181945801
28.6366291046
96.3747711182
43.0004196167
41.2182693481
58.1429748535
30.787273407
21.4772377014
17.4397106171
36.9258880615
35.5538024902
22.6907196045
50.6494827271
30.6344242096
19.6390457153
100.799346924
36.0271377563
28.5879192352
23.2798862457
19.539100647
12.7265615463
23.5918750763
13.748249054
24.7386798859
22.13829422
29.3380393982
75.9925231934
40.2296943665
274.425354004
13.3999013901
16.8295021057
46.0987167358
25.4908466339
29.0996646881
47.1142463684
40.7119827271
66.6346359253
44.9512138367
89.6623153687
23.5437545776
16.3579349518
24.1506996155
36.7905044556
58.1283493042
11.8790578842
15.3975448608
8.93902587891
123.130249023
37.3297843933
17.5217838287
16.8114509583
16.4986763
25.0855560303
10.8920440674
19.7180728912
10.5907745361
25.1389389038
21.7126426697
11.4577693939
20.0565757751
39.2875061035
14.8977050781
22.0481491089
31.3644294739
19.742641449
10.4533128738
52.6448707581
21.0624904633
30.6923713684
9.99126148224
12.8009548187
7.11046266556
9.53798389435
15.9906673431
6.34872865677
7.45085906982
13.1982326508
7.32625293732
5.94817590714
7.00634527206
9.6922454834
10.2783603668
29.7627124786
50.9306869507
11.5168247223
6.95489835739
17.2119560242
15.8868980408
13.6038074493
11.4557657242
10.6837148666
4.79745817184
4.34122896194
43.0521888733
14.9741592407
7.6936879158
15.8707818985
3.03122496605
12.5206546783
4.46570920944
5.71029424667
21.2012405396
7.46825170517
4.23131322861
15.3700170517
3.29689669609
11.3135547638
10.8562660217
3.54790186882
6.18205499649
8.42779159546
4.66008758545
6.75571298599
20.3270282745
5.87344646454
20.2521343231
4.22125577927
3.98825907707
34.2080383301
10.0001049042
5.70053625107
14.0961227417
9.72022533417
4.65809726715
9.92369174957
8.900598526
5.22461986542
10.5712242126
9.45903491974
4.69744777679
11.6444005966
14.1829996109
3.4147632122
20.9723834991
10.5162725449
3.29424929619
4.95510053635
5.93679332733
2.54806733131
15.6828327179
6.90349960327
4.78199291229
7.07968473434
5.18997001648
6.20043706894
3.86790513992
12.0452127457
4.83570480347
4.84816169739
5.49489068985
4.64198732376
4.1163187027
9.16626167297
17.2636852264
4.70657777786
3.25386023521
2.37795782089
3.69736909866
5.00124645233
11.27039814
6.72988557816
11.367483139
4.93887805939
2.03985953331
3.69414019585
3.74386715889
17.1516189575
3.47636270523
6.72840070724
5.41173791885
7.23271560669
4.44887256622
2.17366743088
1.33997511864
5.58346414566
6.28981161118
2.66067361832
7.60163354874
2.38219118118
5.31394767761
2.54242253304
9.74098300934
1.88978242874
6.43183040619
3.86700510979
6.47414255142
2.54274296761
2.87247681618
3.24519896507
25.961856842
15.74401474
5.0634636879
14.0663728714
2.85019207001
6.95647287369
2.18228936195
3.40655612946
3.28287267685
16.6358451843
3.92961263657
3.60691189766
3.09911966324
11.5856990814
34.1711158752
2.96063137054
4.38116693497
3.9660794735
3.57900500298
3.41532278061
1.42489850521
14.262711525
1.96646285057
2.50571656227
17.7629146576
3.35873866081
4.26590824127
2.97345614433
3.40367770195
2.7834982872
9.12908267975
2.0469686985
3.11714220047
11.0667686462
5.53172302246
5.17745256424
1.59941244125
2.03880023956
4.2711930275
4.78769683838
2.60232520103
1.91716110706
8.14126968384
2.93136715889
1.57819628716
1.71007442474
2.42740821838
1.9068505764
2.76788711548
1.85605931282
1.92338228226
2.15561199188
1.57037258148
2.38528800011
2.60101270676
1.79420900345
1.85867345333
3.77615785599
4.70303535461
3.20574069023
16.4170093536
1.18982708454
8.60994625092
10.4742956161
2.39936447144
1.11723053455
2.75412249565
1.36324942112
2.33990597725
7.04582881927
2.16682386398
2.85532450676
1.59913611412
1.18592727184
5.72875833511
3.16599345207
1.25593864918
1.42664277554
8.71983623505
2.65099859238
14.0068273544
11.0381097794
3.26640701294
1.50414967537
2.74486255646
8.82540798187
2.99678182602
1.723102808
14.2535085678
2.26158189774
2.63466072083
1.44711756706
2.97399616241
1.43689191341
19.4084472656
20.5521259308
3.33132719994
7.17288827896
2.19755029678
1.75765538216
1.47399330139
4.26565742493
7.09292316437
2.89778327942
2.89898586273
3.56264257431
7.89344978333
1.31846451759
4.72938346863
7.06075334549
4.94398355484
1.01081216335
1.70085537434
3.3065328598
1.26303887367
23.3739776611
2.52881455421
2.31427025795
3.85042119026
1.34608721733
1.26939606667
2.1287727356
3.28343439102
7.01871919632
8.66774272919
3.14470219612
3.70875573158
2.83547091484
18.1209907532
5.9719119072
3.03880023956
1.63549637794
2.5516936779
2.49619913101
1.64433765411
1.88909959793
15.9418706894
1.24650454521
1.92249143124
2.78901958466
1.81135797501
6.18906784058
10.6958770752
2.65645289421
1.60119187832
1.34712910652
2.33867907524
9.62500286102
1.89550948143
7.60431289673
1.88568890095
2.39435577393
1.88681089878
2.11242651939
3.90736794472
4.35778903961
2.95562243462
3.46812963486
6.44188594818
3.07517027855
3.73062968254
4.78800487518
1.92001056671
1.95230698586
1.74147415161
4.19911384583
2.42477035522
1.89319300652
2.51545715332
13.1282520294
3.20438361168
1.56169891357
3.55065536499
2.64894199371
2.74348974228
8.84167480469
1.90505671501
14.3805150986
1.79810500145
7.50409841537
1.44723188877
10.6720657349
15.088145256
1.46969211102
1.09014689922
3.72526335716
3.25615572929
2.52814817429
2.55361866951
1.40244150162
4.73131513596
1.42558658123
1.18550086021
1.83231508732
1.5139529705
12.1712598801
3.03070878983
1.68382334709
1.14720666409
4.0748705864
1.6796631813
1.22852766514
2.68030452728
5.69285058975
1.34347271919
1.35896933079
1.53117215633
1.16213679314
11.1615695953
3.25732350349
1.4507651329
9.71984958649
2.76684379578
3.05413627625
3.83542966843
2.78035783768
3.20273351669
2.66433119774
2.22339701653
4.10836648941
16.1041030884
1.77094459534
1.41242265701
2.16567325592
1.88819110394
8.98200798035
2.14552640915
2.34804368019
1.55937683582
4.07143354416
1.64028000832
2.71655845642
5.32940578461
1.64108276367
8.69286251068
2.04098796844
1.40630984306
1.87606978416
1.83017230034
1.41550672054
1.89061892033
6.93884801865
3.04896616936
1.92938840389
8.30946922302
12.6823196411
2.46089029312
8.72824287415
1.9658356905
1.09806394577
2.36838078499
2.06683731079
7.85231351852
2.56391310692
4.72618436813
7.94138669968
1.58436965942
2.52023053169
2.80307483673
2.37691044807
2.40102171898
2.92467093468
2.4745361805
2.61845397949
6.38206529617
2.48558735847
0.898187935352
2.17631936073
3.11279201508
1.91935789585
0.998892009258
11.1545600891
2.18189883232
3.72662591934
2.12273287773
2.05488061905
6.90670013428
1.21050155163
4.07313251495
1.60342550278
1.34649252892
3.01373815536
4.22798395157
4.04242801666
2.09303021431
1.41336464882
2.53044772148
9.28362846375
1.30278813839
1.72741818428
0.843388140202
1.69256532192
3.36125946045
3.08618760109
2.83114337921
4.29004335403
4.42066526413
1.74163770676
1.92729139328
2.3365316391
1.66989982128
1.96079099178
1.47297596931
1.44798076153
2.55554413795
2.54465174675
1.57745659351
1.68771100044
4.80921268463
2.42456626892
1.73495471478
1.41508865356
1.7709107399
2.14687013626
1.97405838966
3.01912999153
2.02663803101
1.44243001938
1.25408697128
3.41643166542
2.52667045593
2.96149563789
13.1696071625
3.85766100883
2.8529856205
3.01530456543
11.7871580124
5.1013250351
2.30995559692
2.78149056435
5.74808931351
2.20912623405
1.71449744701
2.33092784882
1.41878247261
2.17429876328
1.62845396996
1.25972175598
2.64391684532
2.3598177433
1.67217540741
2.29033994675
2.12152099609
11.9403553009
3.121270895
2.21432447433
1.91105806828
5.88063192368
2.01820898056
1.380397439
6.19648361206
5.26740503311
3.31167554855
8.08853530884
4.58739614487
2.58193874359
2.24624085426
5.08645486832
4.05359888077
2.02446484566
2.91953539848
6.8174571991
1.79687452316
2.35878753662
1.89396774769
9.17885017395
1.46160960197
3.00729179382
2.12436580658
3.46593332291
1.89715278149
11.6690855026
2.66989636421
1.39641189575
2.47657895088
2.58299207687
1.73275256157
1.31377315521
1.42385745049
4.15011024475
2.55456233025
2.50926351547
1.95236563683
1.86509418488
2.9245300293
4.49828767776
9.54674530029
3.2023730278
2.6699078083
2.8859398365
2.36252379417
6.41553449631
1.59980678558
2.36362743378
2.40843629837
1.54529464245
0.980811834335
1.91594910622
2.19261169434
2.73011255264
3.87701511383
1.55878293514
2.93314814568
11.609618187
8.561460495
2.00887942314
7.00263643265
5.44735574722
4.89878368378
1.31751656532
1.11856377125
3.85340023041
1.10848903656
4.11364269257
4.42732858658
18.5630664825
1.13744187355
5.47566986084
4.37355518341
2.31861186028
3.63139986992
1.64738249779
1.40073180199
2.66886591911
2.37275385857
1.45064353943
2.19034671783
1.29385173321
1.91687870026
2.09927868843
1.84742033482
2.4303650856
1.98427677155
2.55066585541
2.00913143158
2.38091111183
2.37183094025
10.5662603378
3.40972208977
1.58688783646
3.1816649437
1.79270529747
2.6749215126
10.0647888184
1.74532520771
2.24534583092
6.86768484116
11.2688598633
11.9349279404
2.18236327171
1.48829591274
2.07933926582
3.00200724602
6.99483251572
2.9657292366
1.40323662758
3.91778373718
8.89144229889
1.73086547852
2.47019338608
12.8840789795
3.65118670464
3.19953632355
8.59817695618
1.83945643902
7.51028394699
1.8690751791
1.06406414509
1.16521704197
2.97561693192
3.21602892876
5.32976007462
8.90287780762
2.34009361267
2.06368398666
9.69278240204
3.18281602859
2.71324396133
1.17567765713
1.79510724545
4.53279352188
1.99113821983
8.65120792389
3.84241652489
1.18706715107
2.7966709137
3.3795144558
2.07192897797
1.42587578297
1.56050336361
5.28743457794
2.76672339439
8.39250659943
2.01776981354
3.77961778641
4.52408027649
2.35500431061
3.93647050858
2.9989657402
2.34605026245
4.68286371231
1.50532126427
3.91319131851
0.967823386192
1.915807724
1.8637086153
2.1043035984
2.40099811554
4.56645679474
2.01058888435
3.71301579475
1.14236414433
1.54941868782
2.02458238602
10.5826845169
1.89499592781
2.19710946083
1.69746696949
2.37537837029
1.42716121674
1.2920987606
1.18431806564
0.941844046116
2.45991659164
1.01155543327
6.59331560135
7.91523361206
1.59231364727
1.71366155148
6.504093647
1.6361413002
10.5428123474
1.34151697159
1.27104258537
1.32765746117
1.42257547379
0.970423400402
2.911008358
9.70176029205
1.24979639053
2.5942492485
2.34122562408
1.16386461258
7.50594758987
1.7104883194
3.28444290161
2.93812322617
3.20103955269
3.54765224457
2.23530197144
3.09723973274
2.07434225082
1.92656266689
1.17798876762
1.8177639246
7.70448637009
3.64045667648
10.1870079041
4.63113212585
1.95512735844
13.0805063248
1.81172811985
2.02283191681
3.00811338425
2.47576475143
4.13206148148
1.61978721619
2.07391762733
1.44009280205
2.50501894951
1.93309807777
1.26746749878
1.85741436481
2.97386097908
2.92292952538
0.69391065836
1.58559536934
1.39730429649
4.41861581802
3.88335776329
2.13189864159
2.32751536369
3.17707753181
4.67902374268
1.86529815197
1.1897983551
3.24547219276
1.00674581528
1.24855422974
2.14258313179
1.7876676321
5.33710813522
3.02283644676
2.53476333618
2.53684902191
9.01552772522
2.53810381889
4.06077289581
3.26543998718
2.00737929344
3.69197034836
12.3009061813
2.9865603447
1.58403408527
2.00570464134
3.06831717491
10.9325056076
2.34157633781
9.65673160553
4.54773759842
4.67055749893
5.66208600998
4.96002244949
2.00239109993
8.63405895233
3.47928833961
2.95233869553
1.75699734688
2.61648130417
