524.648071289
368.521575928
377.63583374
512.520507812
451.411834717
420.80291748
414.739044189
343.739013672
445.079620361
231.218597412
396.675750732
337.272064209
222.905578613
408.184417725
272.628631592
346.764587402
208.999221802
263.055267334
237.329528809
204.782089233
358.571380615
362.097381592
239.078811646
400.918579102
255.409194946
312.563110352
300.068328857
210.639633179
271.038757324
292.149658203
248.05456543
218.361160278
305.867156982
196.256500244
237.216064453
241.867477417
230.287826538
298.468475342
213.118835449
295.860839844
212.620773315
176.952102661
430.697387695
350.135437012
304.901062012
323.95803833
141.141891479
236.62600708
308.539520264
172.532821655
205.766525269
223.073242188
246.832733154
186.072494507
234.601821899
136.739105225
158.201568604
191.433059692
232.200286865
160.160369873
164.429641724
298.314575195
131.764938354
403.331390381
245.549667358
140.762039185
120.99282074
119.488922119
217.833221436
198.370895386
174.497253418
187.765228271
216.817153931
129.401000977
180.361282349
250.151504517
247.696762085
154.259674072
222.832672119
270.733703613
110.21118927
220.366714478
213.548217773
115.087089539
137.507583618
146.426040649
109.077140808
177.769866943
294.108306885
379.949920654
153.486602783
126.818611145
313.207183838
167.201889038
310.357299805
182.783096313
148.220413208
234.723434448
136.438476562
125.825172424
133.863433838
333.874847412
164.354904175
351.547363281
152.41583252
271.105987549
107.111541748
117.333213806
86.2548599243
86.2028656006
183.214782715
129.588897705
89.7907409668
153.306671143
162.440948486
114.957023621
146.403015137
117.329467773
125.524871826
122.503479004
147.621078491
109.778923035
124.567825317
150.214797974
136.046707153
141.945602417
206.465576172
113.372375488
150.775878906
123.219047546
122.583877563
148.94329834
147.222671509
120.302642822
136.583389282
120.212097168
96.3150634766
186.472839355
101.488243103
94.0419692993
99.5389862061
221.834136963
213.460876465
276.446899414
235.148361206
105.957023621
259.949584961
151.672042847
89.5422744751
97.8182754517
120.657546997
102.152236938
99.798248291
134.627243042
97.9759140015
101.66053009
110.939064026
313.906616211
165.436431885
219.132751465
101.107284546
160.298690796
71.1022872925
317.57824707
294.586364746
97.1613693237
298.928771973
110.415596008
121.548301697
69.3502120972
123.788795471
292.814849854
94.4319610596
90.015335083
304.731994629
105.722312927
146.45539856
92.4740982056
110.389839172
79.9641036987
97.6367492676
274.494537354
112.077438354
261.748840332
133.214065552
105.537475586
124.406082153
94.2842941284
104.236869812
88.8084793091
99.8263015747
71.5928192139
184.332839966
93.767906189
100.768974304
119.687957764
62.6318244934
94.8835754395
77.3595657349
93.9396743774
175.638031006
183.127044678
107.423423767
68.7536239624
81.893119812
98.1435852051
93.0534362793
95.266166687
101.202178955
109.651100159
102.658706665
196.145263672
129.254943848
107.595031738
111.849197388
97.0031356812
71.6396636963
270.801208496
119.25643158
73.4716262817
70.4117584229
107.218582153
107.541061401
83.7344741821
211.669296265
316.4453125
87.9300384521
92.418838501
62.5875167847
85.5607910156
90.7783660889
90.5727157593
94.3444061279
72.1222381592
78.4971542358
163.837646484
76.1282577515
81.7731933594
89.3966751099
276.753662109
77.5908813477
82.0140304565
95.7339401245
87.2277374268
184.889572144
70.720375061
80.9746398926
84.9473495483
196.376113892
70.3252182007
141.455291748
335.244537354
99.1224517822
58.7614250183
106.845527649
77.4521255493
82.1599502563
94.716293335
87.789276123
118.566894531
86.7683029175
104.4686203
183.815093994
116.112930298
83.5950241089
77.8935012817
79.9965286255
77.7302322388
65.1103134155
96.4684448242
74.1640853882
104.165351868
88.1382064819
65.2983703613
98.9763717651
82.3987960815
83.30443573
84.1747970581
102.98210144
73.795753479
102.037528992
66.0732650757
75.7653808594
186.124084473
65.1949920654
138.56803894
130.989624023
194.890701294
62.5117492676
236.683288574
97.5979766846
107.078994751
48.1304969788
68.9480133057
243.495910645
110.22252655
65.9600219727
73.834815979
163.049530029
74.0368728638
83.2730255127
103.302787781
100.232292175
65.821434021
52.7127227783
70.2302322388
72.0136795044
77.3621673584
69.2641372681
58.9573287964
109.878456116
194.347961426
57.5719833374
87.6381530762
65.5927429199
136.408370972
109.076202393
83.4861755371
65.4402236938
63.0934028625
78.7286453247
74.2130432129
47.7729682922
115.062278748
257.568634033
72.3919830322
53.958404541
95.5210037231
43.1660003662
67.2954559326
81.2221755981
81.021812439
133.963409424
54.856098175
60.9991722107
78.7080001831
205.163208008
141.981323242
78.2308807373
79.1636581421
60.5414199829
94.1212158203
67.9244842529
206.48727417
57.6577301025
65.8245315552
69.6379394531
174.192077637
51.9117889404
74.3452529907
72.6892318726
137.191207886
60.8049621582
44.9537734985
181.092514038
65.7817459106
63.172039032
60.1196022034
50.0004348755
81.5412063599
75.180519104
68.3260345459
224.597854614
64.8148956299
75.7493515015
135.109298706
86.2396011353
115.697212219
55.4338569641
63.769618988
50.561794281
85.7555007935
50.1621246338
57.7980384827
93.9091186523
45.5212440491
106.36920166
59.7860908508
127.553894043
188.185424805
67.0182342529
95.4129943848
57.7023391724
70.2529144287
110.678108215
57.9108123779
74.2768173218
151.452575684
248.960632324
56.9665374756
144.647674561
81.0787658691
47.746635437
67.8427734375
78.5054168701
72.9166946411
51.6689300537
115.479263306
65.339805603
140.688705444
117.615135193
215.183258057
106.320152283
54.9710540771
78.5348052979
44.2072715759
47.5326652527
213.957550049
66.8232955933
48.3907089233
63.1425704956
46.6825218201
122.259414673
86.7345581055
81.8697662354
38.4346923828
48.9596672058
55.7171783447
67.7445068359
44.481388092
37.6816368103
262.680053711
76.029624939
53.4042778015
68.8134765625
44.7439460754
122.959579468
55.2084884644
49.5736083984
70.0590820312
52.9112701416
43.8816337585
142.486587524
63.8864326477
59.0291252136
50.3535614014
42.7645301819
43.3746910095
72.816986084
56.0391044617
73.7070770264
135.321594238
40.7938613892
44.0300445557
90.3798904419
39.0781326294
129.665267944
31.5869674683
56.906955719
124.655448914
58.5540885925
36.8444404602
56.9243774414
31.7931632996
43.7025947571
61.6042366028
126.515945435
42.1389465332
89.9300918579
73.0808334351
50.928024292
59.9046096802
47.2605857849
56.3133964539
49.8170318604
50.8277664185
68.027130127
66.8512496948
34.4587936401
50.5530815125
34.4593505859
43.9945411682
82.3012084961
34.9501190186
79.4578933716
49.4375152588
56.793094635
45.572681427
33.7434310913
38.2753372192
180.480072021
39.5333976746
99.4019088745
104.650062561
39.4209518433
46.4673233032
76.8356018066
43.4162788391
56.1270713806
44.6204910278
121.689208984
52.331237793
70.2899246216
202.212203979
48.2712211609
44.7850265503
53.0152740479
42.6914405823
35.9674263
59.0271453857
156.551040649
70.8182220459
34.5425682068
29.6347904205
148.068313599
44.7707519531
86.2554550171
46.7833251953
86.4927902222
142.103973389
36.2014122009
47.1528549194
30.6039066315
142.852752686
34.3227920532
55.748878479
37.6470031738
50.645072937
30.000629425
174.411178589
40.8743247986
33.2493400574
31.984664917
98.0557250977
49.1313171387
119.114295959
33.6268119812
127.147476196
35.4433631897
38.7039489746
45.941696167
31.0748729706
37.6854362488
41.5710334778
136.750991821
30.3529834747
46.4506568909
39.2499656677
41.5417633057
110.052322388
44.649143219
29.0357131958
27.2211647034
43.7525978088
87.8176116943
37.3563728333
69.2028121948
48.482131958
34.283454895
90.5753555298
33.5064811707
31.2753658295
31.4594650269
33.2169570923
36.2706451416
71.4324188232
29.2212295532
43.1006889343
26.6699829102
24.1742038727
30.7365570068
66.8073577881
66.9908828735
73.2390289307
29.600025177
40.0623931885
50.3730545044
24.3760032654
54.4849700928
47.3306655884
26.9888439178
37.8428344727
52.1276283264
31.400894165
46.9114723206
48.5429954529
29.0134944916
27.9653091431
39.9347953796
28.9945068359
36.7343597412
24.5708198547
26.4407730103
63.1072044373
33.5533676147
97.4612426758
93.1342391968
33.1602249146
38.3167228699
62.5346488953
27.8130912781
52.5880584717
29.913602829
23.5012187958
27.6108779907
25.2343120575
34.2208442688
29.3235759735
89.1245498657
93.5319900513
27.4622173309
26.6655521393
124.921806335
91.7713241577
30.4407291412
26.1615829468
28.2704715729
68.2305297852
19.2664260864
16.6653804779
24.2907180786
39.7103614807
21.0483665466
43.8936309814
41.7690124512
24.7804260254
72.558883667
23.2274723053
32.0150184631
30.863735199
19.5628967285
37.1411437988
23.3467140198
28.9173088074
27.957901001
41.7050323486
23.4796009064
97.8917922974
28.5336685181
23.7984828949
21.3033313751
30.8108386993
20.4608078003
31.6914463043
57.5939331055
49.868434906
44.8693580627
20.6242656708
16.9958076477
59.4866676331
27.8002758026
74.5761260986
31.1996574402
20.3026599884
21.6981468201
12.6111974716
17.8271427155
19.2168006897
19.5746822357
21.2700138092
37.1970939636
17.7511730194
30.6460571289
38.752204895
38.3819541931
16.0002880096
13.7950630188
77.1486129761
26.9229488373
30.5038433075
12.4488201141
29.7965984344
65.4470596313
20.2879638672
17.8595981598
59.1416511536
17.9896831512
60.0825691223
42.3286399841
28.8983325958
20.4755210876
31.2824802399
107.857322693
17.1507587433
86.6007614136
29.1959133148
33.6516952515
69.3868942261
26.5959281921
14.6880865097
17.7993583679
31.792509079
78.7851257324
25.5560092926
17.9724578857
16.8053684235
42.5647964478
56.2835159302
15.7382240295
16.5106925964
39.0156173706
21.0008354187
12.8590459824
30.269613266
15.9038133621
17.7806720734
36.8031578064
26.5588207245
12.3083543777
8.93929672241
27.9870319366
40.2076644897
13.7451562881
17.5289306641
16.8347587585
23.2891979218
11.6664886475
13.7266979218
31.1182632446
16.6548786163
13.863442421
19.3610801697
14.9665117264
13.5944137573
16.3084125519
11.5784339905
55.5506019592
7.29205513
55.2225990295
9.14223480225
8.57515144348
6.02026081085
8.39759635925
9.93144512177
10.8546466827
11.5994920731
8.48039913177
10.2894392014
16.6508235931
14.1717376709
12.9863805771
56.8394508362
12.1343631744
57.6258468628
7.53721380234
12.3428916931
57.1901741028
15.1569194794
11.1121368408
6.26867723465
14.0047225952
5.64203310013
19.3155155182
5.3904132843
8.99262809753
15.5206031799
10.4668922424
19.1301898956
8.27983665466
8.73221969604
10.5853738785
18.761516571
9.43947505951
9.49349498749
11.9484901428
19.9850349426
11.5808935165
6.51574802399
10.2931652069
10.9325256348
9.54990768433
8.28162097931
48.977016449
29.147731781
11.6384811401
36.5823059082
10.4806976318
8.96299266815
10.4732437134
28.5973739624
9.67002773285
48.2506484985
6.27390861511
7.84877490997
7.9141497612
9.27061462402
13.1686906815
45.0129699707
13.3805894852
6.09721136093
8.8618106842
27.111114502
6.39387798309
11.0744104385
24.0978889465
6.9437212944
10.7241516113
5.04421663284
9.20579910278
7.74214506149
36.195148468
7.27191400528
5.40432167053
11.395567894
6.76347017288
17.0243167877
4.62717962265
36.0948944092
3.98808407784
8.93939590454
4.65237808228
7.15312194824
6.19719028473
4.45923995972
6.66620969772
8.27610015869
8.40495300293
11.7971572876
11.0062427521
3.30628085136
6.66478013992
23.419303894
7.16058540344
5.67040920258
5.33345985413
3.33560538292
3.99771046638
13.6101922989
12.3665475845
7.21412229538
21.7591896057
5.6812415123
5.70727157593
7.88346147537
31.4883995056
49.0497245789
23.3205375671
5.02666902542
9.80221176147
5.83701658249
6.73262071609
3.72065973282
11.245267868
7.19562673569
3.18774461746
19.4982528687
17.7056407928
4.46458864212
4.20420026779
14.1014842987
7.95718765259
4.32292222977
19.3064422607
9.38359737396
3.70057797432
7.36483192444
5.46737527847
3.19809055328
20.1336936951
4.15377426147
5.5780172348
2.49110007286
3.18447470665
4.25617170334
17.4344272614
4.48256206512
6.48671245575
2.38238477707
10.3358182907
6.58472824097
6.08966732025
2.06518769264
5.33293199539
3.44030618668
6.70953845978
2.27455019951
2.96615219116
5.75517892838
11.9523696899
9.10202598572
1.97369027138
9.33117389679
3.83399248123
2.99538993835
6.71116685867
2.66705727577
8.54888820648
2.27117228508
4.37743997574
3.15804076195
2.81243515015
3.76327562332
2.47514009476
3.38635373116
8.40716934204
6.02304458618
2.55411076546
3.11898112297
4.11509370804
4.42978954315
3.74608063698
9.61182308197
2.13185930252
2.64272046089
3.05432128906
1.99309277534
3.34724116325
1.24561309814
1.54828846455
1.63341891766
1.88788568974
3.79678463936
6.56759643555
3.63775730133
17.360824585
1.80950212479
6.11291408539
8.9449672699
2.95797491074
6.48229217529
2.54781079292
1.93106174469
2.28914165497
9.02913093567
2.25745368004
3.12338256836
1.93943822384
15.2045059204
1.90643751621
17.7345352173
8.02065467834
3.0817694664
1.73622953892
4.34124231339
1.84611344337
1.47483408451
3.46670484543
3.42328929901
1.74187874794
0.943087458611
1.3553674221
3.41704702377
2.65422725677
1.07171797752
6.07097244263
1.47851836681
3.1375169754
10.0327682495
1.74764728546
1.9982458353
1.68541932106
1.77175581455
4.71856451035
4.47180700302
1.73469662666
1.51430082321
3.65450525284
2.03987574577
1.24018704891
5.93531036377
3.73683023453
8.19148349762
6.9152636528
3.81244111061
2.37646269798
3.88700032234
1.3258856535
2.94043779373
10.3819189072
4.72468185425
2.64550614357
2.82162189484
3.21969890594
2.77132892609
2.22214031219
2.87850928307
1.61992931366
3.11412596703
1.72781062126
2.95692825317
4.36322164536
1.8880802393
2.10163354874
5.03984689713
6.63351535797
3.72808098793
2.79173731804
3.40466475487
7.85247278214
4.54018592834
2.10487604141
6.03225135803
10.0129261017
1.90390872955
2.88473010063
2.47775149345
1.35227739811
14.3053150177
1.83222925663
9.49745368958
2.85717868805
5.29964351654
6.28412675858
2.50662875175
1.51521813869
1.98645079136
1.71766161919
1.14436554909
7.49778842926
2.34918999672
