10.1836204529
14.8302602768
5.76550102234
7.25252723694
8.49182796478
7.38939619064
10.8246078491
3.07461833954
8.53938865662
7.10320806503
12.5247678757
8.75829792023
10.3782520294
9.09275817871
5.84594678879
8.3792219162
10.0706348419
9.99514007568
12.5059394836
10.5329446793
11.2089691162
12.7864751816
6.14159440994
5.32472991943
13.5372610092
7.51300525665
2.96545362473
5.4630112648
9.56477546692
5.56017780304
6.87259721756
13.1994714737
8.66844367981
10.2030677795
19.8933372498
9.70677947998
7.59673595428
9.99426078796
11.5976934433
5.44110965729
13.6070432663
9.66692256927
6.02543401718
4.47247123718
4.48376178741
14.6044130325
9.53935241699
15.9740447998
9.7366065979
11.3376808167
10.2446460724
11.5641145706
16.5951118469
9.33432579041
8.27155208588
7.42819786072
12.8863515854
7.24169540405
20.535118103
9.37540149689
15.4663600922
9.111992836
5.68773174286
11.5443935394
8.63477706909
11.6751279831
9.84637355804
8.93158149719
6.11193227768
6.12597465515
9.00661182404
6.93385076523
8.46319770813
6.52343654633
10.2951946259
3.54869198799
12.710735321
10.2929840088
14.7362670898
6.92728948593
8.27917861938
8.03033447266
9.80488109589
12.9750089645
9.47560691833
4.26907348633
6.40447568893
16.7195339203
8.89314937592
5.37006139755
10.6401205063
9.76809120178
9.74836158752
6.27436685562
5.50260782242
11.4402370453
7.56296920776
8.65431404114
12.9184341431
9.23788261414
4.80333042145
15.4262886047
8.71356964111
11.1693820953
7.87747335434
8.43431377411
8.00522422791
9.4794883728
7.39570665359
6.92778253555
13.1114702225
10.6120233536
7.07918167114
8.05198669434
10.0002727509
12.3704462051
6.18372440338
7.89602184296
8.56041049957
7.91647863388
11.7840585709
11.2549762726
7.80115461349
5.04858970642
8.51063728333
5.659512043
10.1907062531
9.02498531342
7.15601348877
9.71159553528
13.3383550644
4.19118118286
7.42179393768
7.09118366241
10.1437320709
9.95004558563
9.71031951904
9.11882781982
6.77170276642
8.198179245
14.3931760788
9.39323234558
13.515748024
8.56759357452
9.60357666016
6.73601579666
9.20022678375
10.5744256973
8.75316143036
10.5534925461
10.4247121811
11.2648448944
9.96748161316
11.5093841553
13.3917856216
10.358382225
11.4550228119
8.18525218964
6.56311511993
4.74426364899
8.00383377075
8.44924068451
6.61246919632
9.68475437164
3.78182768822
11.7089967728
2.46201205254
8.83970546722
12.1688098907
4.85036373138
8.27463150024
16.2295608521
6.60661315918
10.3162717819
7.05883598328
15.2720575333
8.96102714539
8.39024829865
7.3221321106
10.582116127
9.78539657593
7.75676727295
12.6423034668
13.2913827896
8.51829433441
9.97783565521
15.9787349701
6.8159160614
20.5948753357
14.4263019562
6.47405481339
9.94911384583
3.20239186287
9.32020950317
8.61152839661
11.0727939606
9.92264556885
9.00093460083
7.67146730423
10.973490715
