0.0276174664497
0.0244408464432
0.10991894722
0.0207785081863
0.0236892533302
0.0200806474686
0.0969152832031
0.0892568778992
0.027456817627
0.0212482500076
0.0227762150764
0.0217025947571
0.0286633181572
0.0512040996552
0.174930362701
0.02
0.0232285809517
0.0329760456085
0.0218397307396
0.0217510461807
0.0365674829483
0.0339058589935
0.02
0.0279305052757
0.0200635266304
0.0303364539146
0.0482637739182
0.0263363361359
0.0246869683266
0.0382989788055
0.0208106923103
0.0389463281631
0.0454837322235
0.0225964617729
0.0275104641914
0.0689083623886
0.0580131959915
0.0918299388885
0.039237010479
0.0667589950562
0.036445350647
0.0284424877167
0.0522344112396
0.0234055519104
0.0492342472076
0.0514135599136
0.0226345825195
0.174025268555
0.0392074203491
0.0584866046906
0.0276846432686
0.0200232028961
0.0275214862823
0.0439888238907
0.127406291962
0.0240537858009
0.0394844341278
0.0467435693741
0.0873903751373
0.0724407815933
0.0404687309265
0.0200965619087
0.0874952316284
0.0273100090027
0.134515123367
0.160172100067
0.0345588493347
0.175416374207
0.0263025760651
0.135767021179
0.0218628883362
0.0290755724907
0.0731026601791
0.0657615995407
0.0343638372421
0.0322551035881
0.0200036621094
0.147102174759
0.0250265526772
0.10859041214
0.032357943058
0.0500499486923
0.0204101848602
0.047199587822
0.0642309617996
0.0202316641808
0.0240219283104
0.0266072916985
0.106283283234
0.0394326162338
0.0204097557068
0.0571021366119
0.0204673719406
0.0364184761047
0.0202293539047
0.0607923936844
0.0427209329605
0.0295389819145
0.153325490952
0.020631377697
0.054388628006
0.0388304281235
0.0335611009598
0.0391540122032
0.0250512099266
0.0637567853928
0.0536710262299
0.0208830976486
0.0227723908424
0.206455497742
0.0459355831146
0.02
0.0694728565216
0.0419862413406
0.0384582638741
0.0743100404739
0.0570969104767
0.0327650475502
0.0831342697144
0.0599744033813
0.0283780789375
0.0200488591194
0.0361604309082
0.064732336998
0.0290213418007
0.122148599625
0.0380914568901
0.0412628936768
0.0221300935745
0.088893327713
0.0353900122643
0.0567401742935
0.0206058955193
0.144731721878
0.0392142438889
0.0268597531319
0.02
0.0278734111786
0.04626745224
0.0545525932312
0.025200548172
0.0346858382225
0.100459136963
0.0317066216469
0.12411488533
0.0264112997055
0.0356507372856
0.0252111554146
0.031955344677
0.0920132255554
0.0229632472992
0.02790371418
0.109606838226
0.0344593834877
0.0292389750481
0.0994661712646
0.0204484152794
0.0205418777466
0.0686618995667
0.0305879068375
0.0501766729355
0.041158452034
0.158069067001
0.025288465023
0.02
0.0243817520142
0.0377633023262
0.0379155683517
0.0954051971436
0.0372307276726
0.0815615367889
0.0681255292892
0.0735689544678
0.0468188285828
0.0554625654221
0.0284907436371
0.0230070996284
0.0474498128891
0.0214034962654
0.0882914066315
0.0641878461838
0.0789694166183
0.148463420868
0.02
0.0691942691803
0.0295968317986
0.0229228544235
0.106073236465
0.0666781282425
0.05344810009
0.0517176294327
0.0816530036926
0.0284430170059
0.0595714616776
0.0465878582001
0.0603665447235
0.0206908988953
0.0327044939995
0.0202516031265
0.0436508274078
0.0366519737244
0.0522195386887
0.0335643029213
0.0211217331886
0.104723815918
0.0205439758301
0.0927232646942
0.060265378952
0.0385961914063
0.0253244304657
0.118091125488
0.0201395559311
0.0207464051247
0.02
0.0405722951889
0.0322926354408
0.0780426359177
0.0540854740143
0.053851723671
0.0305613088608
0.0200012207031
0.0207552075386
0.0558191299438
0.0333652877808
0.0365466594696
0.0814208316803
0.094282207489
0.0390641355515
0.05502140522
0.0229892587662
0.0775664663315
0.0484554862976
0.0412279415131
0.0684099054337
0.0594706726074
0.0450476646423
0.0214738965034
0.0286525607109
0.0739881086349
0.113243379593
0.0873237228394
0.0697695589066
0.0526387739182
0.0316954827309
0.118567752838
0.0563237476349
0.0313767623901
0.0381244516373
0.0240987324715
0.0799508094788
0.0557425403595
0.0201666378975
0.100988779068
0.170280857086
0.0812497901917
0.0620849943161
0.0722288894653
0.031395843029
0.0827928733826
0.02
0.0580348682404
0.0253099918365
0.0395465064049
0.0588753175735
0.0766393661499
0.0305361032486
0.0857523059845
0.0361641764641
0.02
0.0664747619629
0.0210623311996
0.0267651319504
0.114295387268
0.0245771217346
0.0859154701233
0.06573117733
0.0277742958069
0.0580973052979
0.0304435825348
0.110620613098
0.0555053710937
0.0560544395447
0.151419792175
0.071437997818
0.147464981079
0.0217277336121
0.0340126538277
0.126970624924
0.0670955848694
0.0779931879044
0.0202513122559
0.251608409882
0.158613214493
0.0219669795036
0.0200568294525
0.109614267349
0.0977862262726
0.0658560276031
0.279482822418
0.0211877322197
0.0202611923218
0.130703430176
0.026598110199
0.0873535060883
0.0306112957001
0.187173919678
0.020021982193
0.0296121358871
0.0248818016052
0.121487083435
0.0380724310875
0.0202525472641
0.0636574411392
0.0858274841309
0.0222843813896
0.0600141572952
0.0612531137466
0.0215452480316
0.0279064631462
0.0202202439308
0.0807091426849
0.0319475197792
0.020329887867
0.0642256879807
0.02
0.0549451780319
0.0381921768188
0.164315567017
0.056906080246
0.232398548126
0.0572764158249
0.0216920423508
0.0604667758942
0.0217890262604
0.0507387399673
0.0525184440613
0.0713846111298
0.0588572120667
0.0430666542053
0.0626161718369
0.153851947784
0.0202844691277
0.113284769058
0.0351029610634
0.0237896370888
0.0874920272827
0.0281919193268
0.0668086385727
0.062222366333
0.0689606571198
0.0306482315063
0.02
0.0609662628174
0.0208505415916
0.0813469696045
0.026799993515
0.023181707859
0.0500067138672
0.030344414711
0.0345214438438
0.0262313628197
0.0208040618896
0.0250610733032
0.0397189474106
0.0402569818497
0.0343233013153
0.0709504938126
0.0566586685181
0.0448982906342
0.0266166329384
0.0442510509491
0.0288556432724
0.0409941864014
0.0649874925613
0.0651288127899
0.103363046646
0.0811152839661
0.0873599243164
0.0369303822517
0.0544502878189
0.0290909695625
0.0679900550842
0.0420891141891
0.0442719554901
0.0794342374802
0.114792366028
0.149843912125
0.0418371725082
0.0200770425797
0.035337126255
0.13171497345
0.0279613447189
0.0681911945343
0.0233688616753
0.0929516506195
0.0887496852875
0.0432419872284
0.0793363666534
0.0577335882187
0.0410548305511
0.0203692388535
0.124155912399
0.0279285931587
0.0981086349487
0.064053235054
0.0766348075867
0.0816557693481
0.0298686599731
0.0349477314949
0.0908257675171
0.0301655197144
0.0771704292297
0.0648539638519
0.0469609546661
0.126487665176
0.0213538956642
0.0713258075714
0.0506718873978
0.121303043365
0.0510814332962
0.0222353339195
0.0664164543152
0.02
0.0365664076805
0.0369937682152
0.0700889110565
0.0657097959518
0.0418080377579
0.0323904895782
0.0444319963455
0.0472792863846
0.0875160312653
0.0949461174011
0.0247901988029
0.0735574960709
0.0683194446564
0.0280730628967
0.0207336306572
0.0544724321365
0.251061992645
0.0250428533554
0.0380258750916
0.0241866397858
0.0719465208054
0.0393763017654
0.0226426529884
0.0271942877769
0.10720993042
0.114929141998
0.0538189697266
0.0399473214149
0.175029029846
0.0323877501488
0.0299549913406
0.0410256671906
0.0735207176208
0.0746184015274
0.105236997604
0.0242179203033
0.0254640007019
0.0303204226494
0.0640485286713
0.178487091064
0.0318012833595
0.103948707581
0.0987968826294
0.042736158371
0.154598426819
0.0475573062897
0.0946140480042
0.0289058327675
0.165079021454
0.0236483979225
0.0565901136398
0.0620960521698
0.037345867157
0.0224032688141
0.0536660861969
0.0316540551186
0.0743501281738
0.0832436275482
0.0494273710251
0.119031610489
0.0635072898865
0.0237921237946
0.0256262350082
0.0324204564095
0.15485452652
0.0266955423355
0.0377586364746
0.02
0.039985165596
0.0566732883453
0.0421963167191
0.0418576145172
0.0693285131454
0.0449124670029
0.221850528717
0.0463906621933
0.0218428039551
0.0382052493095
0.0271057701111
0.0712493181229
0.0544707155228
0.0918126487732
0.0202739572525
0.137024860382
0.0397249984741
0.0281286501884
0.0527697896957
0.061426820755
0.02
0.177679672241
0.0983837509155
0.0856663513184
0.0529587268829
0.0290288949013
0.0749074411392
0.0220838212967
0.0783286905289
0.0593199825287
0.164585857391
0.0729854059219
0.109272899628
0.0314813327789
0.0585240125656
0.049970870018
0.021209423542
0.112300662994
0.024689514637
0.109720029831
0.020550057888
0.0424915790558
0.0316195344925
0.0424868202209
0.113722810745
0.0777035236359
0.0200549817085
0.0333315944672
0.0247872757912
0.0200213742256
0.0582527446747
0.0745665073395
0.0323199915886
0.10087015152
0.0221379375458
0.0248553538322
0.0698280572891
0.160382652283
0.0233848977089
0.0513208341599
0.0406346750259
0.022454199791
0.0426548910141
0.0696093511581
0.0315788698196
0.0253286623955
0.032242808342
0.02
0.0542196369171
0.0554694604874
0.092401676178
0.0356429219246
0.164186840057
0.0430054283142
0.0636167383194
0.0340595078468
0.0538799715042
0.0253720641136
0.0325920009613
0.050538854599
0.0295687031746
0.0994597148895
0.114384994507
0.0908122825623
0.0690419578552
0.0241259098053
0.0531852626801
0.0645124149323
0.0705449771881
0.0230119991302
0.0330985689163
0.0291348958015
0.102072315216
0.0295181417465
0.0905210399628
0.0309499979019
0.0615911006927
0.0270941853523
0.023002808094
0.0562539672852
0.0396749043465
0.0412277507782
0.0242306256294
0.0290698218346
0.0219741678238
0.172266845703
0.0263988137245
0.0894317150116
0.103105535507
0.0348787069321
0.205681991577
0.0237247514725
0.0739949703217
0.043851776123
0.073084435463
0.049525976181
0.0381339454651
0.135220432281
0.0557848453522
0.0230620217323
0.0491771507263
0.0967743110657
0.0831267642975
0.0865555477142
0.0680550527573
0.0475315713882
0.0444308233261
0.0225263118744
0.0694768857956
0.0850898933411
0.118353490829
0.0500102710724
0.02
0.0522015380859
0.0286464595795
0.0210014414787
0.144975252151
0.0764302778244
0.0409991359711
0.0966715335846
0.02
0.0200556063652
0.0233670306206
0.0317086458206
0.0331337761879
0.0542809009552
0.04806163311
0.0248013448715
0.0205746674538
0.0919772148132
0.0247768831253
0.118235569
0.202475242615
0.0367802238464
0.0401468372345
0.0230597472191
0.0206820893288
0.0371597027779
0.103182315826
0.137424430847
0.0504241085052
0.0200061058998
0.0706442499161
0.0426452636719
0.087080783844
0.0675116252899
0.0925998401642
0.0730269002914
0.0500659275055
0.0571957015991
0.0203814172745
0.0853423500061
0.0590918302536
0.0279597139359
0.075632982254
0.162293014526
0.0234285473824
0.181195106506
0.0240468430519
0.0239808988571
0.0339576935768
0.0347390770912
0.100376272202
0.0341366147995
0.0868872928619
0.0377645492554
0.0348049783707
0.117275247574
0.121528921127
0.164843406677
0.0203964662552
0.0587902021408
0.103881893158
0.0318072342873
0.0323711061478
0.0200146508217
0.0234848761559
0.060645866394
0.0225458192825
0.18250377655
0.0524360609055
0.163797359467
0.0883042430878
0.129464511871
0.0679478025436
0.127075548172
0.0519196367264
0.0418057727814
0.113962116241
0.0736310100555
0.0721978139877
0.024930138588
0.0233388400078
0.107187252045
0.0542966127396
0.0844774723053
0.0532533502579
0.0663357257843
0.107496328354
0.0301094794273
0.128858985901
0.0347578930855
0.162462768555
0.0368969035149
0.0314142012596
0.0220467495918
0.0671662998199
0.065347661972
0.0498686504364
0.02
0.106234827042
0.0653243207932
0.128667478561
0.0316307091713
0.0593819713593
0.0368037676811
0.13105679512
0.0541497755051
0.135304012299
0.0846324062347
0.131262893677
0.0886846256256
0.0789609670639
0.0552666044235
0.0686505842209
0.0255031657219
0.020764529705
0.102662172318
0.0779046297073
0.0881995582581
0.186098403931
0.0803392887115
0.0744451856613
0.163382320404
0.02
0.155328416824
0.0202436494827
0.109958333969
0.03030782938
0.0241731953621
0.0454394197464
0.144869270325
0.0338835144043
0.0409933233261
0.104012718201
0.116051568985
0.0255532193184
0.0355270648003
0.0602498531342
0.021549949646
0.0286188554764
0.020042746067
0.0548394203186
0.0204803562164
0.144416818619
0.0523125171661
0.032477517128
0.0808957672119
0.02
0.161390209198
0.110673694611
0.11943069458
0.0384312272072
0.0973466873169
0.0231916713715
0.0326275539398
0.0490856170654
0.0239526629448
0.128663673401
0.0950838851929
0.0682699632645
0.0350086116791
0.0610335254669
0.034584133625
0.03387373209
0.0658069324493
0.0457303094864
0.0237390208244
0.0836801242828
0.0333976793289
0.0769459915161
0.118955640793
0.0441316318512
0.0572287464142
0.0514654922485
0.0241745448112
0.0419734191895
0.0711235666275
0.109226646423
0.138527469635
0.121967554092
0.0830261516571
0.0549643468857
0.0809834575653
0.0527910232544
0.0532137298584
0.0394501423836
0.200793762207
0.150852880478
0.0247903132439
0.0744462394714
0.0233719372749
0.0907466030121
0.184356079102
0.0200061058998
0.230327796936
0.171400680542
0.0254246592522
0.110756616592
0.0618450117111
0.107478122711
0.02265365839
0.0674354219437
0.0312527275085
0.0200623393059
0.0426912355423
0.153390636444
0.0323125624657
0.0261348986626
0.0993620204926
0.0331873512268
0.0202928376198
0.0993359661102
0.021763215065
0.0617156410217
0.0200390958786
0.0960023403168
0.097360534668
0.0284615468979
0.0365062713623
0.0583308458328
0.0552235460281
0.160076084137
0.199719924927
0.0358341574669
0.0455002117157
0.0563321876526
0.0483457660675
0.0250202274323
0.0205840110779
0.0654880475998
0.0775180387497
0.184425868988
0.0485926818848
0.111531190872
0.085719461441
0.0707144069672
0.0208269095421
0.162541160583
0.075430059433
0.0759659528732
0.0200195407867
0.0717215013504
0.0323757839203
0.0461036062241
0.0564602851868
0.028068716526
0.0226222300529
0.0214959096909
0.0547958946228
0.129808349609
0.192676830292
0.0403125762939
0.180525856018
0.0206310915947
0.0384277105331
0.0244927787781
0.118945798874
0.02
0.057409453392
0.036150302887
0.320317077637
0.117238178253
0.0479593324661
0.0485347366333
0.127779130936
0.0330070972443
0.118777360916
0.0874150371552
0.0201972746849
0.120833387375
0.301101436615
0.133691520691
0.06460750103
0.0375500369072
0.10243268013
0.048823299408
0.195959701538
0.254975891113
0.0393884992599
0.0303862953186
0.111624088287
0.0543644523621
0.0905021572113
0.171531257629
0.0519708633423
0.0201260900497
0.0210055303574
0.134973907471
0.0316891598701
0.066362953186
0.0660952329636
0.0839775276184
0.121605224609
0.0870290279388
0.0513599872589
0.040686006546
0.0852742004395
0.0717907762527
0.0322434520721
0.0353976488113
0.127054662704
0.0551531362534
0.0604026699066
0.0295330667496
0.0351442050934
0.226732845306
0.131892709732
0.0626216936111
0.0863370609283
0.0395231461525
0.0283794474602
0.02406031847
0.0456201267242
0.0342377281189
0.0755148887634
0.0368414974213
0.0804894733429
0.0523998069763
0.101796779633
0.0675611114502
0.0510633325577
0.0252987504005
0.0941834068298
0.02
0.049283156395
0.0641560697556
0.106450300217
0.101938495636
0.0666567325592
0.0236061310768
0.0475199890137
0.16388343811
0.0409841394424
0.0919004631042
0.291485862732
0.0342502808571
0.131685419083
0.0629810476303
0.0947215080261
0.0473710441589
0.0985964584351
0.0355261850357
0.02
0.103773813248
0.0261148428917
0.0666673994064
0.167375946045
0.039033434391
0.150242137909
0.0606827497482
0.1561398983
0.105285596848
0.102333421707
0.0206312680244
0.125295171738
0.219321613312
0.0605619955063
0.0262995314598
0.0238694453239
0.0359306979179
0.123719482422
0.0584358215332
0.160756244659
0.144870643616
0.176473331451
0.0554548358917
0.0970517444611
0.0277707695961
0.174032306671
0.0401392173767
0.0431643247604
0.0349201655388
0.0879425811768
0.0479282522202
0.0855552482605
0.20406993866
0.0375762486458
0.0983650016785
