50.1251525879
35.4236831665
43.8945503235
45.0797653198
47.4694061279
38.679599762
34.2310905457
33.7477416992
39.821559906
41.0571746826
45.7939071655
39.655090332
33.3365249634
40.8854141235
35.419342041
46.0125350952
44.8557319641
40.2235946655
40.1737632751
41.3086166382
40.7162475586
41.0998306274
33.8150558472
46.9980125427
49.9400863647
41.6668891907
48.5847015381
47.8008728027
40.4660873413
31.3000087738
42.967212677
38.9291687012
39.6126213074
37.235710144
41.3388290405
34.0562477112
43.9930686951
39.3726806641
35.45104599
36.3921852112
32.7983665466
42.4003105164
29.4079856873
47.0190353394
33.2509727478
42.7421340942
37.8254013062
36.5431022644
42.8629951477
34.4748344421
37.924621582
43.3547782898
42.7739601135
31.8293609619
45.9254150391
39.0054969788
36.5816459656
38.9513931274
48.5495796204
33.5452003479
37.466632843
40.2166938782
33.61743927
39.0697135925
34.8530311584
38.3778152466
32.1725120544
33.1984786987
34.7530937195
39.9257659912
35.9564666748
44.2709579468
27.2590656281
36.9133720398
45.3729858398
40.5778312683
43.0461616516
39.2154045105
41.50831604
35.7715911865
32.0637779236
39.2793731689
43.6114311218
35.5065383911
46.2937698364
32.2640991211
41.6192741394
31.5545349121
34.391002655
38.8027801514
38.2663421631
39.4983024597
45.2302742004
39.8366966248
42.6337471008
32.1588287354
32.8936653137
45.4197158813
42.458065033
34.0213050842
33.5758781433
40.0279998779
38.1851654053
33.0138397217
38.793800354
38.7331237793
38.3635673523
33.9624404907
41.4206733704
33.7065811157
32.221282959
31.9976043701
37.409526825
35.2541389465
36.7633323669
32.7378120422
24.4049282074
44.9735107422
34.9137954712
32.8568916321
31.5282287598
35.8400535583
34.4086799622
32.0676078796
39.71251297
33.3030548096
38.1598625183
28.4681110382
31.1594371796
31.8387260437
30.4921455383
30.3430213928
27.0863838196
41.9860916138
40.1812705994
33.4847183228
35.2877998352
34.656337738
39.3652420044
37.326789856
26.6510715485
38.3655662537
20.090927124
35.7297744751
30.823507309
28.8024578094
41.1136894226
33.570766449
37.0517463684
36.4480171204
30.2377891541
28.7457027435
26.297208786
34.3225059509
37.6729736328
38.8632507324
41.868812561
33.3732032776
32.8254318237
40.5631713867
32.0404930115
32.043182373
26.9518470764
32.9877891541
34.4160423279
33.1337547302
39.0010185242
31.5928840637
34.7957992554
29.7927513123
33.2559356689
35.3406486511
30.6496963501
32.4053535461
37.9967460632
26.3334541321
33.4532661438
36.2092895508
34.7390174866
31.7484607697
39.185131073
31.8124370575
33.4272460938
29.0466823578
29.8789978027
28.9518890381
33.962726593
30.6956310272
32.1593894958
30.5845050812
29.5733032227
24.3650856018
35.8172569275
29.1506214142
35.2084121704
27.4771442413
31.6718578339
28.3229255676
26.5060901642
30.8320121765
