-416.426605225
-433.324401855
-413.51385498
-400.054931641
-404.518463135
-431.56137085
-380.777038574
-438.502471924
-387.762329102
-382.50994873
-387.302734375
-398.386901855
-423.548797607
-433.855285645
-412.750305176
-401.721710205
-393.707214355
-370.811218262
-374.316345215
-469.673156738
-400.546630859
-375.67489624
-384.018859863
-411.100067139
-408.82711792
-422.688293457
-417.343200684
-409.260192871
-404.446350098
-374.525421143
-460.363311768
-355.237731934
-371.171417236
-457.907104492
-450.312469482
-390.126831055
-397.028839111
-403.912109375
-390.07522583
-394.916870117
-399.365631104
-398.120941162
-374.693328857
-381.655487061
-367.588806152
-435.817932129
-398.585968018
-393.798675537
-446.11239624
-432.409301758
-386.960021973
-468.351165771
-440.733184814
-432.19631958
-412.199310303
-393.126708984
-421.186523438
-457.056335449
-435.523040771
-417.211334229
-415.649261475
-379.079223633
-387.560211182
-341.693054199
-372.109405518
-398.230773926
-459.049133301
-369.533569336
-390.461791992
-440.543792725
-457.315124512
-423.518890381
-445.595184326
-368.259857178
-417.506256104
-437.850402832
-384.815032959
-403.914428711
-417.579620361
-400.561218262
-419.74597168
-411.183929443
-458.235687256
-389.588531494
-428.391082764
-375.71484375
-463.369873047
-407.557495117
-406.819366455
-426.573516846
-412.266143799
-403.154785156
-388.847595215
-445.891052246
-370.219970703
-438.453521729
-433.831451416
-398.027404785
-434.180847168
-423.149902344
-423.375823975
-425.73916626
-370.469818115
-416.946502686
-370.226654053
-444.289611816
-422.140563965
-374.927490234
-436.623535156
-411.264007568
-364.476806641
-357.032714844
-424.737915039
-392.669311523
-452.974700928
-408.586517334
-401.195648193
-416.059661865
-388.491424561
-386.847381592
-424.941711426
-451.131256104
-429.65246582
-393.056640625
-440.143890381
-417.090454102
-408.963653564
-468.830383301
-380.388153076
-394.907318115
-355.744995117
-369.746002197
-392.63684082
-434.385162354
-428.206817627
-375.308654785
-425.612518311
-412.264068604
-419.94418335
-404.672912598
-421.288085938
-393.77255249
-428.488647461
-354.618011475
-448.041290283
-410.185638428
-394.471099854
-430.797485352
-410.062683105
-389.601776123
-414.208679199
-383.849884033
-440.212615967
-385.026275635
-360.451538086
-443.9737854
-431.64239502
-427.901885986
-400.054840088
-399.01864624
-350.688659668
-394.760223389
-400.234283447
-436.938293457
-413.471954346
-398.96282959
-437.72467041
-439.454193115
-389.958312988
-450.513793945
-414.036682129
-432.433929443
-440.833435059
-434.32522583
-392.34564209
-374.847961426
-422.476409912
-365.625915527
-440.297302246
-397.104553223
-362.69519043
-367.969207764
-438.042205811
-390.148742676
-413.10055542
-420.077453613
-375.906280518
-441.253448486
-438.090057373
-392.354125977
-327.451843262
-435.303100586
-457.865966797
-352.024261475
-393.661315918
-405.512512207
-441.996398926
-398.050506592
-447.619659424
-412.572906494
