0.0201479911804
0.02
0.0243288016319
0.0200256443024
0.0355477309227
0.0294898438454
0.0200036621094
0.020843436718
0.0202817392349
0.0200122094154
0.0204672813416
0.0205678391457
0.02
0.0200061058998
0.0318861246109
0.0200635266304
0.0200598573685
0.0206199383736
0.0307692337036
0.0200012207031
0.0202265191078
0.0202424287796
0.0404698610306
0.0200012207031
0.0200354218483
0.0200048851967
0.0228339552879
0.0205356812477
0.0507299566269
0.0324621105194
0.0200195360184
0.02
0.0203736066818
0.0457770299911
0.0200036621094
0.02
0.02
0.0200867891312
0.0223005199432
0.0200012207031
0.0219665718079
0.0200708866119
0.0380944991112
0.02
0.0245658373833
0.0240556812286
0.02
0.0206181979179
0.0210700583458
0.0402579450607
0.0781207323074
0.0205099630356
0.0266515946388
0.0205101037025
0.020095334053
0.0210056900978
0.02
0.0277937054634
0.0267300653458
0.0396050071716
0.0200207591057
0.0209737300873
0.0217161989212
0.0488617038727
0.0200488615036
0.0205567908287
0.0200806593895
0.0342772722244
0.0207467770576
0.02
0.0462335681915
0.0273893618584
0.0233034110069
0.0205055475235
0.0200109887123
0.0495633459091
0.0227078390121
0.0201725482941
0.0639156866074
0.0210629916191
0.0215359330177
0.0200733470917
0.0523544216156
0.0238888978958
0.0340876245499
0.0208589339256
0.02
0.0200012207031
0.031948196888
0.02
0.0200134301186
0.0200122094154
0.02
0.0242448949814
0.0200048851967
0.0334082913399
0.0208986949921
0.020099067688
0.0243474817276
0.0203825569153
0.0259892630577
0.0211244487762
0.0200562143326
0.0200085473061
0.02
0.0200024414063
0.0200390863419
0.0200647640228
0.0209732031822
0.0435449266434
0.0255654644966
0.0200195360184
0.0200122094154
0.0468339633942
0.0350200486183
0.0312075805664
0.0239754891396
0.0200244212151
0.0271353197098
0.0200122094154
0.02
0.020786485672
0.0200012207031
0.02
0.0200061058998
0.0200476360321
0.0336043977737
0.020015873909
0.0263628411293
0.02
0.0204822182655
0.0200012207031
0.02
0.0200146532059
0.0200378680229
0.0252121472359
0.0200134301186
0.0200219774246
0.0202896475792
0.0200476336479
0.0248770689964
0.0213766407967
0.0202415657043
0.0284352445602
0.0222599840164
0.0395962643623
0.0727950286865
0.0347415208817
0.0448319673538
0.0200244235992
0.02
0.0200109887123
0.036833012104
0.0200439715385
0.02
0.02
0.0200036621094
0.0389240932465
0.0225183916092
0.0203038764
0.0221046566963
0.0209974455833
0.0316574192047
0.020675804615
0.0202903985977
0.0207459402084
0.025882794857
0.0283506965637
0.02
0.0201284217834
0.0206129479408
0.0221243834496
0.0399986171722
0.0200036621094
0.0200232005119
0.0201320624352
0.0206256341934
0.0279438996315
0.0204345369339
0.0200843167305
0.0200146532059
0.02
0.0200439763069
0.0205397629738
0.0217497849464
0.0200061058998
0.0361914539337
0.0228054571152
0.0210014057159
0.0200036621094
0.0200024414063
0.0209447288513
0.0247494792938
0.0214626169205
0.0224420309067
0.037781047821
0.0241723418236
0.0237744569778
0.0209294176102
0.0779607057571
