3519.77099609
3664.54711914
2674.33398438
1757.88110352
2251.10546875
1632.94128418
990.828674316
2317.38842773
1638.92578125
3417.64257812
812.746643066
650.299194336
2138.35693359
1510.34875488
1651.25561523
852.247070312
1175.72521973
866.590148926
938.093383789
1108.2142334
820.319641113
909.454101562
821.247802734
916.831054688
874.026489258
701.808959961
627.354736328
846.219848633
629.587219238
1123.9074707
755.980651855
991.990539551
893.033081055
980.948120117
633.082824707
586.303222656
1377.84094238
451.85848999
1340.94921875
601.581176758
940.334350586
854.179504395
844.736755371
2977.74560547
1235.0123291
885.627868652
1277.44787598
745.82800293
573.856262207
891.605407715
587.811706543
535.851806641
893.602172852
577.055969238
524.714355469
541.989135742
493.93145752
601.350646973
375.014984131
511.374603271
498.036834717
700.36517334
729.155639648
2784.18823242
553.560791016
370.307861328
237.028274536
776.293334961
353.963256836
362.609222412
385.516326904
363.640228271
361.760681152
577.496765137
710.178161621
489.370117188
937.539978027
721.27911377
582.222229004
447.124206543
591.728149414
756.284851074
1070.67224121
653.230407715
851.273193359
996.959655762
698.167480469
564.814758301
606.743164062
1063.01916504
1025.19213867
1186.51184082
314.211547852
688.799438477
527.515014648
616.73248291
1102.28527832
856.091308594
757.786804199
525.764221191
934.635009766
669.957275391
436.884368896
427.481384277
618.259216309
334.934265137
374.111907959
459.414031982
683.393615723
424.008148193
306.536590576
339.877258301
489.527679443
308.253967285
629.362670898
438.005859375
315.596496582
370.473571777
325.207061768
406.270568848
309.050323486
395.853637695
292.041687012
387.751678467
324.1980896
557.988464355
368.747375488
443.765563965
287.889190674
464.854858398
824.913208008
280.007141113
300.493103027
503.599761963
333.7527771
318.071533203
306.638092041
311.698913574
455.590942383
357.30847168
285.282196045
373.060424805
506.462554932
816.483825684
412.122253418
738.600280762
1013.89562988
460.330352783
685.425476074
354.51864624
529.305908203
428.078826904
702.946655273
603.919250488
612.63684082
447.579071045
655.340637207
524.107727051
359.275054932
282.000183105
378.824279785
926.529541016
629.923278809
452.331756592
483.593414307
495.282196045
244.986358643
445.433746338
566.531616211
442.021484375
227.062545776
263.043823242
274.874572754
820.280517578
263.182891846
233.721481323
402.54284668
225.147491455
285.68737793
339.553131104
617.311157227
298.405578613
343.480194092
561.204833984
350.56149292
300.680267334
373.539276123
235.360198975
532.450378418
418.61819458
304.230041504
374.227630615
1014.28381348
468.023986816
479.540039062
481.182952881
200.496612549
576.649169922
395.004241943
282.321166992
522.471374512
279.239654541
213.998153687
313.896392822
228.634567261
250.577987671
172.015777588
310.013793945
338.653381348
264.911804199
550.79095459
265.72454834
444.204467773
640.285644531
515.878967285
406.818786621
470.972320557
484.332763672
384.807830811
731.453918457
505.262481689
559.32220459
472.735687256
512.096130371
474.369293213
424.386230469
636.469970703
428.168029785
457.365844727
649.884277344
326.357971191
345.545440674
595.953491211
404.265808105
515.637451172
284.485595703
464.049804688
778.012145996
406.171813965
448.161956787
584.293334961
304.420318604
884.544189453
943.59588623
720.7421875
486.310058594
447.686950684
498.465667725
567.463500977
338.271148682
496.656311035
505.922546387
438.614990234
527.516296387
511.785827637
343.647827148
458.671966553
533.164306641
269.052093506
304.921417236
445.076751709
954.323547363
376.056640625
349.393188477
401.209381104
473.124694824
287.271636963
330.050537109
252.562225342
395.533782959
347.721191406
173.458694458
364.786865234
231.990890503
227.933425903
176.438323975
154.426269531
813.424743652
273.559814453
222.110687256
227.310119629
163.915390015
201.046905518
147.153396606
256.198364258
136.571624756
404.770721436
124.949928284
824.400695801
156.991256714
364.700469971
152.334716797
260.002929688
229.623321533
178.791931152
204.452911377
148.444854736
196.472290039
754.410522461
153.984375
158.510116577
172.71333313
142.372360229
140.119827271
115.665786743
178.653045654
382.587280273
208.996948242
140.903305054
141.268463135
610.045715332
142.208679199
87.5422897339
81.0966949463
97.4099349976
278.092773438
123.539245605
154.519577026
286.534454346
151.840316772
110.49861908
307.477386475
201.494918823
121.981178284
196.327590942
130.697723389
141.937255859
135.249099731
309.066772461
87.2668151855
124.431526184
95.9065093994
87.9678039551
65.908744812
109.364837646
107.449310303
96.7825164795
107.783683777
110.097915649
84.0527648926
70.685333252
356.543029785
62.6503067017
103.251785278
79.1651916504
62.8510627747
78.7666320801
78.5205154419
154.238677979
317.429595947
91.4014053345
72.421295166
384.622711182
77.4266433716
89.4075927734
639.186279297
97.0472640991
122.717842102
179.325668335
70.7307662964
418.491424561
145.590713501
84.7339172363
86.9847488403
60.3391418457
124.862060547
209.950332642
621.197998047
224.335449219
63.427154541
58.4019546509
231.749832153
91.8060684204
143.830551147
40.3503646851
63.6621360779
36.3572883606
91.3817749023
86.7531661987
61.1589546204
109.572151184
32.5962638855
116.939315796
121.066879272
136.149093628
115.790924072
86.2763137817
56.7021064758
83.2355651855
58.3333511353
76.5295410156
43.5802993774
92.205871582
69.3132324219
71.7201690674
82.8675842285
85.4936218262
52.8233032227
56.3741035461
51.2535591125
121.923538208
83.9492492676
97.4052886963
53.8675498962
143.773864746
40.6685638428
36.7728805542
72.8058166504
47.1296348572
51.6051139832
86.2742538452
38.6145591736
66.9808273315
46.7399253845
66.598449707
55.6985778809
44.7811279297
59.7105865479
215.190185547
44.85105896
41.9335212708
39.3917884827
50.4770736694
113.500205994
69.8039779663
45.2428512573
117.185096741
79.1326217651
47.6839981079
92.1385726929
74.7387313843
35.0357627869
45.7601280212
37.4337158203
26.5730762482
71.167098999
72.3735961914
38.8342399597
48.0936889648
39.3390808105
37.9854660034
28.0422801971
21.3447380066
40.1257858276
34.7340202332
29.8835315704
33.8870925903
51.757019043
30.8466281891
24.3746814728
25.6972503662
52.5170898438
32.3950843811
23.4095306396
29.0627861023
43.2600288391
46.2469940186
47.2460098267
26.8821125031
24.7960586548
38.1738052368
33.0059165955
40.6133995056
38.4630279541
21.9555625916
25.9818897247
62.8294563293
27.1038455963
51.7804527283
34.9945220947
70.5294265747
57.9042739868
32.5880737305
20.2329540253
62.5179634094
160.011901855
14.6150913239
33.6299819946
31.737991333
96.0882263184
29.544336319
28.0532646179
24.873210907
21.3747196198
15.7518281937
15.0198545456
16.6437683105
12.8850307465
18.3479156494
17.6404876709
27.7921485901
27.7930107117
10.0073165894
12.4310026169
14.9973630905
36.877117157
15.2076063156
13.4766321182
9.21216964722
19.1839790344
22.0353431702
32.8048667908
44.0113143921
10.8820552826
12.8158903122
15.0069332123
13.6082601547
22.162651062
7.95930576324
16.4115829468
10.4260835648
19.876619339
14.8100547791
46.1587104797
29.9159431458
10.780125618
16.4377918243
13.6119527817
17.9639530182
17.8603057861
14.4601564407
13.1875133514
39.8610954285
11.8530426025
17.1579551697
20.0569190979
14.0310354233
5.69078683853
12.1524381638
20.2563896179
21.1758804321
11.454662323
10.3888521194
10.0739021301
6.22121906281
30.8166599274
21.1052436829
16.3861522675
25.241973877
16.0865001678
20.9192142487
114.0887146
39.7720832825
35.7200813293
11.0177898407
12.164850235
13.8891115189
15.4530639648
10.0398025513
93.0839691162
15.4843854904
18.449388504
15.9237623215
22.3057518005
20.3559303284
17.2605876923
8.86100578308
11.1797018051
38.4844703674
11.0053138733
26.3165569305
12.1234092712
16.3681926727
18.3225917816
15.1436882019
17.1603984833
14.51512146
10.3290014267
28.035320282
19.7959842682
10.9514884949
9.19525623322
22.2920055389
9.94483947754
21.0072231293
22.7084598541
7.91554784775
13.7698793411
32.9450950623
18.7881221771
9.65264034271
6.49862337112
12.6401939392
4.8094329834
31.1249637604
8.74400615692
8.31218624115
20.6765365601
11.133638382
30.1709136963
28.6533355713
10.9623765945
3.50336527824
10.7416162491
3.21512174606
5.05595302582
5.99726724625
3.26315259933
8.41692447662
9.3880109787
6.521692276
4.06074142456
3.08094573021
17.8791561127
28.7583274841
10.2630996704
9.49915313721
12.6308679581
7.20855998993
25.5277557373
10.5126686096
6.20208692551
15.456659317
16.0913257599
23.1417770386
6.52030706406
11.3744449615
11.5631752014
10.3043441772
6.63278007507
1.17023158073
4.61182022095
1.98707163334
7.1821436882
11.5782566071
22.2759876251
3.97598648071
11.258600235
3.32434916496
10.7638301849
7.43947219849
4.16737794876
35.2552070618
4.2169675827
6.25349855423
2.30854010582
3.09379220009
10.9344358444
5.11597442627
5.02791118622
10.7078275681
8.29868030548
10.1382961273
1.52738153934
8.91831588745
3.18027472496
1.17972958088
2.08478951454
4.16333055496
6.54589605331
5.55806398392
8.44922351837
7.27545452118
8.25380706787
1.32809340954
10.2094507217
4.58361721039
4.5105175972
3.67800593376
9.14556980133
6.37073516846
2.94400429726
5.33134317398
3.56246590614
5.76587152481
7.05416440964
16.5153446198
4.77629232407
5.22735214233
4.23916149139
11.3938732147
3.81267213821
1.26596319675
2.24319243431
9.5431728363
22.198431015
12.9003295898
3.23639082909
3.5662958622
31.0511379242
6.28782320023
11.3924608231
3.07709312439
4.42672777176
3.29658222198
1.72410643101
3.28822994232
2.81638288498
6.29389572144
4.27662658691
2.06087851524
2.17905879021
1.86434137821
1.53943490982
3.88781309128
4.47364139557
3.61399126053
4.13117361069
3.40382528305
4.32322072983
4.19712162018
1.16828155518
2.74747037888
33.2541465759
22.300994873
0.99318832159
2.05465340614
2.52261614799
3.43230557442
4.63106966019
5.45614624023
38.3157272339
2.29412293434
5.10407495499
2.75973248482
2.28934288025
2.3845307827
5.54804563522
8.25045013428
3.5885207653
1.42315649986
15.2819986343
4.03270483017
3.75771379471
9.08406543732
7.25275182724
5.77116107941
3.29543018341
1.90703618526
3.42959356308
1.69255292416
13.7542076111
1.61351263523
3.94280838966
2.68592882156
10.0694189072
2.49746608734
2.43659567833
12.7234544754
1.84391129017
3.42834353447
5.89764404297
1.75181984901
0.329592525959
7.58074998856
4.43556404114
1.05914998055
6.79530477524
3.22633194923
2.13443136215
2.50769710541
3.39035749435
3.27061676979
1.88974499702
1.32357871532
1.69031989574
23.161649704
5.88615369797
6.09874725342
2.06701517105
1.27669751644
28.1879882812
16.2860183716
1.76591980457
1.63892912865
2.2179505825
2.8107881546
2.88847184181
1.797544837
3.20296239853
1.30450510979
4.01939249039
4.36700677872
2.31424236298
0.914925038815
16.6469917297
1.90495491028
1.79480290413
6.65526628494
2.27035737038
3.52493286133
0.823136270046
9.36467838287
7.02992868423
1.8088709116
3.35857200623
16.0200366974
2.87477993965
3.64643859863
2.46820163727
7.95279788971
3.93734169006
3.22203373909
1.56308484077
2.3571805954
0.936820089817
1.1904412508
6.89693117142
1.09580874443
2.9346408844
1.27605438232
5.50547742844
2.12977075577
2.35763478279
2.06426930428
1.62267446518
2.52054095268
1.74172878265
0.979578971863
3.03894805908
1.63301062584
5.7861289978
1.34498953819
3.6115167141
5.17719459534
1.55502796173
4.77440786362
1.22626113892
1.51279902458
1.42981886864
3.82884263992
2.48362660408
2.39981174469
3.3225479126
1.42302179337
9.50766658783
2.36077833176
3.12972068787
4.02937746048
3.3476524353
11.7744979858
3.18655800819
9.14752006531
5.05904054642
4.13583660126
3.6002869606
3.71628832817
5.32030963898
4.19865512848
5.81690883636
5.15795040131
4.71288537979
4.41787338257
1.45899307728
3.29205822945
1.73073685169
2.24557471275
2.11538982391
3.06320214272
1.65849900246
11.2993373871
1.15202474594
6.62806940079
2.33759641647
2.05750012398
1.45953118801
2.71208357811
3.11820483208
2.02755069733
1.85355377197
0.903593838215
4.33143424988
16.9642047882
1.4091809988
1.06506180763
4.02653646469
2.35915112495
4.5470995903
1.77662348747
2.60459256172
3.16332793236
2.90009474754
11.2311592102
1.55014634132
1.96336877346
1.98654973507
2.55682969093
3.78293466568
2.89025354385
1.4831444025
4.47330331802
3.67680931091
0.847047269344
2.49204039574
3.3379535675
2.08040165901
3.2629597187
13.4691801071
1.53586578369
2.30647611618
1.94762814045
3.33235454559
1.27111029625
9.84414196014
2.67031383514
1.80836367607
2.19607162476
0.750959038734
4.87166881561
1.58634412289
0.602722644806
12.4052762985
8.30264568329
7.83192110062
0.720100462437
4.15102577209
1.9705286026
2.14382863045
1.26397287846
1.05760407448
1.30536210537
2.31888318062
3.5609061718
5.95436143875
2.38601541519
10.1269807816
2.14084482193
3.52590608597
4.062271595
1.17671859264
1.58616757393
1.2998855114
1.82389569283
2.12100768089
2.04589319229
3.11293625832
2.47555756569
3.84191966057
1.99745500088
11.9118041992
1.52080655098
6.07239294052
2.86398983002
1.95026862621
2.37488365173
3.93294239044
1.99762415886
5.28721857071
3.13852190971
1.37776792049
7.42386198044
15.1416749954
3.4548201561
1.23952758312
5.24722671509
5.40626335144
1.70163750648
2.1334400177
2.68408513069
2.77286696434
4.4071354866
2.0613014698
12.7130403519
2.61497592926
1.07446360588
20.4958400726
1.67325663567
6.04587841034
7.45426654816
1.92846822739
3.77764248848
2.74287772179
1.07698810101
0.847848415375
1.45038712025
0.915147840977
2.72132444382
1.24568319321
7.2210278511
1.28426265717
3.19219493866
2.80700516701
8.04676437378
1.55799913406
1.74515843391
2.19313335419
0.87729370594
1.62290978432
4.00101804733
7.40484476089
2.09811544418
1.59490811825
1.91433572769
5.91788673401
6.50538015366
6.12466812134
5.28068304062
1.89454364777
1.67610216141
2.65501308441
8.19779205322
4.20163583755
2.37361931801
1.39804208279
3.56407952309
1.78148066998
2.37676739693
1.57494354248
3.64646911621
3.91854691505
