-380.488220215
-383.405181885
-413.23840332
-442.707550049
-398.144195557
-398.210327148
-437.226928711
-450.65322876
-412.921264648
-446.912902832
-407.862365723
-467.731994629
-382.593963623
-440.930999756
-447.483520508
-424.410430908
-433.467437744
-445.535705566
-396.708587646
-430.67010498
-412.453796387
-429.724060059
-472.838500977
-434.75579834
-435.269714355
-410.630310059
-430.972473145
-429.930664062
-401.664276123
-392.668762207
-439.785797119
-406.843139648
-402.248840332
-387.146759033
-401.293640137
-388.433227539
-388.258911133
-397.798492432
-449.461639404
-379.345397949
-446.04486084
-465.245117188
-375.416778564
-380.905395508
-425.280487061
-429.162902832
-376.472930908
-355.156005859
-404.934906006
-455.657409668
-417.390014648
-407.314849854
-429.005401611
-396.921447754
-451.02935791
-356.665740967
-454.38067627
-423.347167969
-383.368652344
-387.192077637
-416.198760986
-418.584991455
-354.332336426
-429.633392334
-381.807922363
-433.039367676
-418.67477417
-443.72857666
-376.667724609
-415.852905273
-371.023468018
-452.91003418
-450.747283936
-412.798400879
-407.423828125
-422.743347168
-384.37689209
-440.688079834
-435.439056396
-392.308166504
-393.435424805
-408.001098633
-441.818237305
-456.098144531
-453.847839355
-387.977844238
-394.93258667
-412.907623291
-431.778503418
-424.227233887
-422.658905029
-410.225585938
-374.38494873
-382.088012695
-378.684875488
-365.367645264
-421.198364258
-391.265014648
-445.456207275
-394.344299316
-404.294250488
-351.840026855
-432.359191895
-395.550964355
-389.281036377
-379.991790771
-418.303588867
-374.626464844
-394.690551758
-446.389648438
-421.190795898
-378.002258301
-425.927093506
-377.012115479
-392.30645752
-438.788238525
-429.277709961
-390.537536621
-425.183502197
-403.38961792
-372.708251953
-461.125061035
-450.4921875
-358.363861084
-384.985473633
-396.934570312
-442.938476562
-384.414642334
-351.733184814
-379.766937256
-438.963928223
-394.308044434
-349.157470703
-425.070953369
-364.478424072
-436.168182373
-380.092987061
-429.022766113
-435.493682861
-427.609405518
-400.969818115
-374.053222656
-407.892120361
-416.296661377
-449.515350342
-421.093170166
-336.186798096
-381.485015869
-366.107879639
-407.705596924
-345.049163818
-390.134613037
-391.817260742
-387.791687012
-367.149688721
-400.371948242
-368.613128662
-378.619598389
-424.52746582
-448.191741943
-467.176422119
-438.18850708
-416.307891846
-419.460754395
-407.095367432
-427.445220947
-336.664672852
-425.282440186
-352.277893066
-383.102203369
-380.005584717
-389.927612305
-333.263092041
-431.624725342
-390.388305664
-318.738220215
-360.750610352
-386.824401855
-412.999969482
-376.472686768
-407.920257568
-404.902618408
-436.510467529
-495.740692139
-435.508087158
-422.052062988
-433.52822876
-412.846710205
-377.732879639
-398.202453613
-427.365325928
-424.332122803
-383.010131836
-395.985412598
-403.890075684
-396.75869751
-399.00881958
-446.410339355
-379.526092529
-403.041748047
