14.7737636566
13.7810583115
15.4662256241
12.8281564713
8.44704914093
13.8862533569
10.3908967972
15.4137048721
15.9771757126
14.295633316
10.9066200256
13.715045929
15.9791555405
9.78192234039
12.5788125992
10.1889858246
11.3745422363
13.4980354309
14.0485668182
12.230550766
15.5874204636
10.1511125565
12.8448343277
11.5214986801
12.3448133469
15.5414161682
9.63347816467
13.8419656754
8.91224479675
14.0839595795
12.8849964142
9.8408870697
10.0867004395
13.9446992874
17.3082008362
13.4181394577
14.0861768723
14.3547639847
13.051700592
10.4507064819
11.7108955383
8.77470302582
10.3875207901
13.0471897125
14.6787595749
15.3012447357
12.5335664749
14.1663074493
12.2656860352
16.1313495636
16.8453865051
13.5035238266
12.1665964127
14.0021505356
11.652961731
13.8191175461
12.4337339401
12.6226272583
11.0910634995
11.3793983459
10.6907711029
11.2075242996
16.2812004089
13.4373693466
11.9581336975
9.33325767517
12.1286172867
13.6818571091
9.96638774872
7.7789888382
14.3585767746
14.4134912491
8.01784133911
11.9616918564
16.294593811
7.94633674622
12.9535522461
10.2260360718
14.6434793472
11.7364311218
11.3046350479
11.9008541107
10.618812561
9.98053264618
9.80919837952
10.7238721848
12.7806968689
11.0370063782
12.8051366806
11.1825389862
11.2648935318
13.2057189941
9.11064720154
9.54889011383
13.186920166
12.9286623001
11.3322925568
10.2150974274
11.3106298447
11.151140213
13.0748128891
10.6674146652
9.27501869202
8.00839996338
10.1208152771
11.9987125397
12.6043891907
12.3106384277
11.4667720795
11.3389291763
10.774181366
11.2013454437
11.3156518936
9.58339500427
10.4953746796
8.65474033356
11.499297142
11.0671987534
8.79602622986
14.7418165207
10.0471029282
9.26933288574
7.8405175209
9.70273780823
12.2107210159
13.187002182
9.02426624298
12.0011987686
11.3630065918
8.96901226044
9.0376996994
8.60222816467
9.56904697418
16.4146003723
7.11692237854
10.6911811829
8.57981014252
10.0232906342
9.07141971588
10.0722827911
6.71348142624
17.2752513885
12.762005806
8.599193573
9.08583450317
8.10586166382
7.88929605484
9.02742958069
10.1087713242
9.45314407349
10.9176244736
11.6987962723
8.26462364197
6.94614696503
11.7111339569
11.4323148727
9.26117610931
8.21039104462
6.81556081772
11.6959400177
11.5635519028
6.71884965897
9.06054592133
8.99746417999
8.09430027008
8.93992710114
7.43783760071
6.48703861237
8.39209270477
8.66559123993
7.57225322723
7.95094871521
6.84511470795
8.31278705597
8.7787361145
7.94705152512
6.51696920395
10.2641963959
11.0740652084
9.15380382538
7.76337909698
8.09545326233
8.13937664032
9.36696815491
8.33488845825
7.7001824379
7.28600215912
7.68612289429
8.11812782288
9.83747768402
7.61227798462
7.89460754395
8.81988716125
8.25585079193
7.60022830963
8.11326694489
7.77452135086
8.38510227203
8.2481803894
8.62459945679
