3349.1015625
1799.28405762
12030.3007812
1539.10827637
1844.15930176
1364.26818848
1553.00634766
1433.23596191
1053.14794922
1411.5246582
1256.32312012
1346.73425293
4160.47070312
1277.33557129
4228.97167969
1872.46264648
758.865722656
914.795349121
982.85357666
3546.8894043
2652.12109375
620.249755859
921.963134766
1237.01477051
3319.69555664
1458.23010254
1854.43530273
1061.49279785
636.521484375
1117.4185791
772.045410156
954.362731934
995.583557129
640.537353516
1284.42663574
890.091796875
2656.72998047
756.711791992
1664.05786133
1734.56652832
2210.70849609
4297.56494141
917.356811523
5208.76855469
604.461486816
592.916381836
1010.40594482
2942.44116211
972.001037598
1465.8215332
1001.52087402
565.120422363
1804.95336914
1669.15869141
803.057800293
858.606567383
1264.59130859
1050.62219238
793.198364258
1036.88220215
780.26739502
1012.89117432
927.316040039
1459.28503418
1357.4510498
1212.22131348
704.956970215
525.318664551
1249.24584961
1028.78051758
719.412353516
923.302001953
872.666931152
624.389465332
934.307495117
1851.26586914
3306.02954102
1465.59277344
1013.31317139
1602.35839844
1447.75695801
878.828552246
691.945068359
990.152954102
1399.44262695
934.741394043
1124.09118652
1332.31726074
797.942871094
1057.92675781
944.797424316
1246.91149902
1047.10253906
1081.89916992
1261.61572266
1157.04370117
1171.43347168
1060.68505859
1525.07800293
776.310424805
1696.96679688
1372.19628906
2668.63769531
958.029174805
1062.78356934
1995.34912109
1101.46313477
2450.74438477
3230.47851562
1674.00134277
4969.43994141
2810.27368164
1419.73779297
3444.35717773
5934.70556641
3552.83276367
1779.98352051
6241.85107422
3076.015625
17258.7460938
986.621704102
516.91796875
4287.15234375
2841.54589844
5208.37011719
2230.79907227
2192.80493164
703.04498291
2717.3125
1532.69104004
668.695617676
679.762939453
3283.70678711
435.605285645
354.397674561
1813.3347168
1217.41296387
655.019775391
357.510955811
364.688201904
4599.91064453
1782.74951172
418.459686279
1412.77111816
1927.58068848
1086.80065918
410.671539307
826.445129395
341.585021973
329.919128418
789.447937012
1133.66137695
710.510925293
1017.13269043
1258.44628906
474.158569336
446.665100098
712.717834473
1245.59460449
2975.19384766
1648.85961914
729.965759277
1823.65930176
671.533935547
472.549377441
1748.54125977
2181.6340332
1094.66711426
2334.50195312
483.077423096
14269.4541016
3911.98608398
14575.4414062
9301.16699219
11015.7714844
2630.50415039
13676.1347656
40705.640625
6546.48925781
2073.62158203
15412.6171875
11030.1708984
2713.53344727
36837.7851562
6393.01806641
16820.8632812
8498.64257812
4817.08837891
10204.9580078
8858.10839844
580.850097656
11534.2714844
371.792877197
265.280548096
17933.8027344
393.834259033
7137.70117188
5214.96875
1667.40393066
6380.30224609
1480.06298828
353.621307373
10407.3095703
450.412567139
501.252624512
729.595031738
3619.54882812
2928.03417969
550.601013184
217.100952148
413.846008301
2148.76074219
1688.55419922
281.966461182
506.794555664
254.690612793
2328.76245117
248.004379272
577.903259277
774.596496582
2026.22058105
140.213012695
1886.88903809
436.697296143
160.394821167
2394.71459961
1754.24743652
1330.13476562
1076.60388184
473.696228027
1129.00793457
1507.92700195
1008.17315674
618.992431641
638.713562012
130.195587158
315.310913086
2728.46679688
1630.87792969
633.441040039
347.280761719
378.928771973
112.343887329
1078.2980957
315.937255859
317.082885742
1212.88757324
153.469009399
833.367736816
945.840393066
186.841522217
623.933044434
78.396232605
468.659362793
1098.85522461
144.337615967
959.434997559
679.692932129
272.390472412
687.516296387
343.482269287
630.069458008
339.992919922
106.697662354
460.148803711
482.898071289
176.148330688
460.345581055
119.691101074
197.289825439
188.595962524
143.555206299
185.761016846
277.812683105
306.555755615
285.444488525
133.417724609
189.44178772
170.03302002
267.541015625
118.757759094
119.243850708
100.801139832
168.936218262
441.67779541
495.628295898
174.311401367
199.257034302
134.283813477
134.137466431
190.673294067
284.94934082
72.9460830688
302.189300537
64.7478485107
97.5970916748
105.533370972
98.7889862061
81.3698348999
83.6703109741
192.79486084
186.692138672
124.556594849
185.051956177
47.1287498474
68.2918319702
120.808547974
83.6950836182
223.616256714
187.938034058
161.179031372
296.056274414
148.255844116
150.944702148
112.325065613
75.633430481
85.9973144531
102.786209106
121.657791138
172.359512329
360.721038818
344.666595459
112.649490356
67.765045166
181.12689209
109.463012695
350.998565674
90.0902328491
234.275894165
77.9311981201
82.1384124756
71.1614227295
174.104766846
66.2773742676
140.315994263
62.8886947632
482.474395752
81.843208313
49.7757873535
95.5130615234
99.4886627197
55.7613258362
91.6564941406
90.730178833
74.7393798828
54.0529708862
50.0443496704
148.717636108
53.7038536072
102.303138733
56.9141731262
38.6278305054
75.0244445801
78.5991897583
138.530319214
85.6935958862
70.3110275269
108.949569702
77.2757720947
84.0214385986
44.0803565979
42.6275138855
440.364929199
57.8410949707
89.0390472412
45.4670028687
56.6597366333
116.815071106
89.0846176147
41.676612854
63.9662513733
151.144607544
30.164232254
78.0547561646
58.3425102234
32.8939819336
120.459205627
123.108589172
80.2188644409
43.0881500244
118.663352966
77.8547592163
129.438552856
81.9026641846
158.010650635
108.124336243
55.0852470398
50.8539505005
130.461959839
52.6542854309
43.3768463135
128.489440918
46.8664321899
32.526134491
170.121902466
34.1583824158
116.809715271
32.2049598694
40.2733535767
33.7413139343
65.3582000732
43.969581604
32.8703689575
52.4944381714
37.5406036377
90.5876464844
44.0513000488
66.3397827148
144.11920166
57.8712348938
35.0744094849
44.5059356689
35.1536407471
44.992061615
35.9602508545
61.110206604
51.6891822815
22.2275180817
37.0779953003
53.3818664551
18.5131912231
35.5868873596
30.2047729492
39.3721580505
27.5049648285
66.1905899048
77.6423797607
28.9212779999
27.5463085175
40.5324478149
32.2360839844
37.3608703613
35.4001426697
80.5648803711
24.3104896545
32.5626602173
23.2775878906
31.1597614288
24.0715465546
34.258392334
48.2282524109
39.7835731506
39.3329811096
24.1844673157
152.601791382
15.6178951263
81.1798477173
19.5068531036
28.157119751
88.5710601807
23.5553894043
23.5930862427
45.622959137
35.4568367004
13.9433813095
18.9682559967
30.7060680389
18.0123462677
14.245891571
13.9970016479
13.5043392181
18.1432361603
111.707733154
21.6253910065
28.5596599579
30.586933136
22.2265872955
18.7787189484
21.2793216705
206.23487854
26.2427406311
13.7362384796
21.9342899323
8.60728740692
21.2822170258
17.9167098999
17.7527141571
25.071149826
25.692565918
48.5130386353
23.5386161804
22.1275863647
14.6904754639
12.2422389984
17.0466518402
18.2289466858
11.4390439987
39.8863716125
15.6012468338
26.0024147034
17.5247192383
23.8804798126
10.8171634674
11.8576107025
18.9426021576
16.8851146698
13.5181760788
16.0288238525
12.5244493484
40.0531578064
18.1431560516
10.7920703888
12.3261146545
17.5575408936
14.0492916107
22.7148399353
18.6169509888
58.0573768616
6.12401199341
35.8890151978
12.163438797
11.7258014679
12.5795755386
11.8171186447
10.6675024033
10.4219264984
6.10439395905
15.8351240158
7.81472396851
14.6335201263
11.0547132492
12.2696638107
12.5550823212
10.0419063568
9.23124408722
16.3039035797
15.59167099
11.1659126282
28.8989067078
24.6948661804
30.3969841003
13.727013588
13.9150924683
23.1202754974
5.21464252472
5.20545387268
8.84007072449
16.7017173767
20.7314395905
7.78850221634
7.96658229828
15.0395889282
58.9169387817
9.14340019226
5.35689973831
25.0267410278
11.3120412827
8.7704000473
4.20470380783
13.369433403
4.93261098862
7.91731643677
3.47911810875
11.1665172577
2.92070055008
11.1201667786
9.32876014709
12.5804538727
6.13727855682
6.35437440872
13.8433532715
24.3348770142
12.2724561691
3.80371427536
6.7042555809
6.328083992
18.5014057159
13.6456403732
5.29353713989
6.32365894318
6.30917596817
4.42485523224
6.91698980331
32.3181304932
7.11660337448
12.1765956879
3.43875694275
4.50649690628
11.1463432312
5.03228712082
5.33814382553
10.1355161667
11.39153862
8.92348098755
5.93258333206
6.23082876205
5.31206274033
3.94560790062
14.7524681091
3.14754772186
4.17504549026
4.68099927902
3.90504932404
3.72216677666
4.58583068848
8.68396854401
4.34514713287
3.29808163643
3.05748391151
3.30604934692
6.04506540298
2.40389466286
4.6317076683
2.67380809784
2.49071931839
4.93396139145
12.4205245972
3.19900107384
2.82333183289
3.36334109306
3.27859044075
2.9541246891
4.64158248901
2.14061951637
11.0656690598
6.31573057175
14.7535142899
3.26547455788
5.45121669769
2.9551012516
4.92200088501
2.35712409019
6.89825487137
6.53105354309
9.0861158371
6.7015004158
3.32306551933
14.3262434006
2.71821689606
6.04524183273
2.28934049606
10.2504034042
3.36240720749
0.605026483536
5.86477470398
47.1865158081
3.88931488991
1.2650834322
2.50646352768
5.58557939529
3.37135410309
4.42163991928
2.73278975487
6.98702430725
10.9061021805
2.18581914902
3.738540411
1.61981880665
11.5860462189
2.35764312744
2.3141477108
2.21430587769
2.24652123451
2.65695333481
4.30619192123
14.5059986115
5.30344820023
3.17306661606
2.93357372284
2.57445645332
1.56424105167
2.57942938805
3.48605394363
3.37444877625
4.79299259186
4.28804683685
1.97263908386
3.53649830818
15.4229240417
1.97191810608
3.59755969048
13.5752153397
3.04065799713
3.54503703117
5.53779792786
1.88329398632
2.4365708828
27.6296386719
14.8926649094
2.08441615105
3.50146317482
3.39086318016
3.37461209297
6.97781658173
1.92041933537
2.33494448662
5.56554746628
1.69534373283
2.15032744408
1.67152822018
1.91781139374
3.3201084137
4.02290630341
5.22873067856
15.5792999268
6.12744760513
1.38224697113
2.37988090515
5.86514616013
2.63723707199
4.42978906631
4.12449073792
6.10176086426
2.11223864555
2.54025840759
4.32651281357
1.35276627541
3.39649176598
1.35519051552
2.52438116074
1.85960268974
1.59567201138
11.8008022308
6.44860553741
1.22232794762
4.26799154282
3.23307347298
1.83427810669
2.69751644135
1.57094562054
1.75346589088
2.77223587036
12.4397878647
1.92632067204
3.63586878777
2.66111421585
1.42152178288
10.0098695755
1.20263826847
9.29937458038
9.7968044281
1.33666729927
2.13737559319
3.04045438766
1.80618274212
2.61405205727
6.85293006897
3.12936663628
4.29638433456
1.36492037773
1.6159414053
6.34828329086
3.70255041122
3.40086340904
1.37542283535
1.46502530575
1.26546955109
3.1709523201
1.57250106335
3.14493155479
2.77619886398
1.71251273155
10.5726642609
1.73809349537
4.91352128983
15.3316068649
1.47401201725
4.81472826004
2.03762388229
3.48123955727
2.97541809082
1.94003939629
2.20472002029
9.80355644226
3.72717475891
8.30345439911
2.70103526115
1.06656193733
1.29655945301
1.52465486526
1.06631243229
2.92239141464
1.90846920013
5.50345468521
1.816624403
1.87809705734
0.980855345726
2.72256040573
2.14521026611
3.93715310097
4.95160055161
1.56651341915
1.27812552452
2.14679193497
5.90739250183
5.59913015366
12.9635972977
1.92187619209
5.540102005
1.1519588232
1.42665183544
4.06702280045
1.68390524387
3.1566464901
2.24141669273
6.78302621841
2.19521045685
4.8974199295
1.24724054337
1.44962131977
1.77134156227
2.78072309494
1.16026985645
4.17823266983
1.84114158154
1.66408085823
4.89312124252
2.4336502552
5.18099880219
1.43149018288
2.16785168648
2.39589047432
3.62092804909
2.78995275497
2.8230009079
0.803860664368
2.52691888809
0.804256677628
1.2266036272
1.34231317043
1.25863230228
1.43962752819
13.0166339874
1.08319783211
3.22409534454
1.31986963749
4.97458362579
2.1761007309
2.96887993813
15.1090068817
1.00342488289
2.49752783775
2.13313484192
9.7968378067
1.16230022907
1.36672997475
1.41821742058
2.58803915977
1.47883224487
3.89841485023
5.09103107452
1.71223223209
2.54748010635
3.76452493668
1.3531421423
2.17863178253
1.45228135586
1.65979123116
1.72990202904
2.49698638916
4.37415075302
4.38524675369
1.16648375988
18.7214546204
2.16515183449
2.54750108719
0.950015246868
2.89695310593
1.52181303501
3.99045944214
1.19582056999
1.67220640182
2.40487670898
5.21649122238
1.60757267475
3.30846643448
1.77030849457
1.11083722115
1.78931260109
2.75988316536
1.70543015003
1.08218955994
2.27105212212
3.78010034561
2.53752708435
2.48874664307
1.08665239811
1.12006044388
3.1614522934
2.77442765236
4.76472520828
4.49404430389
1.24804639816
1.20792579651
4.73653507233
1.65917289257
1.74065744877
3.24492430687
8.10931777954
12.8950977325
7.5526714325
16.0910396576
1.43280732632
1.93386375904
1.02890312672
2.28841018677
1.52357506752
3.57744264603
2.49706673622
2.60033082962
15.6397390366
3.40834021568
2.34797072411
2.55567884445
3.30550503731
7.61430358887
0.945085585117
3.79176855087
1.57868790627
1.63639223576
1.48828363419
2.72706151009
1.02082538605
2.3211107254
4.74634790421
4.32717132568
2.26243948936
0.957848191261
6.10304784775
0.833762645721
0.752581477165
2.01899671555
1.63825201988
8.3473739624
1.35860216618
1.05036008358
3.70466899872
0.929418683052
1.57184064388
2.0690882206
0.936411321163
1.75024068356
2.15848779678
5.11508750916
1.88995850086
1.27197909355
1.66246402264
2.02862930298
1.46283435822
1.33731281757
0.562884032726
6.52383613586
2.41809749603
6.535405159
2.16686224937
2.46121954918
1.03289604187
2.10303068161
0.773610830307
6.24977588654
1.57217431068
12.9638938904
1.69599723816
4.7657289505
1.12306213379
2.54160928726
1.73936021328
12.6211338043
2.36500430107
3.15410661697
1.97373735905
8.73066425323
5.97448015213
1.47643065453
0.886423826218
4.17939758301
1.1224398613
1.45923495293
3.68342828751
3.30617046356
1.36937820911
2.22284936905
2.037119627
4.10362386703
1.43446981907
1.02394044399
4.56221151352
2.03337526321
1.47462236881
8.57709217072
1.89430201054
1.68913185596
2.26159262657
1.07909107208
1.50045311451
4.7272400856
0.951522529125
2.92818069458
2.16792011261
1.50592255592
9.14590835571
2.0220015049
1.70199465752
1.11741411686
1.06744897366
2.53413772583
3.28693723679
2.2735118866
1.12530732155
3.38534736633
