-380.428283691
-421.071594238
-427.46182251
-404.116912842
-389.679229736
-387.064178467
-413.217926025
-364.981567383
-420.487854004
-432.454467773
-421.1434021
-378.367675781
-418.19430542
-414.860168457
-366.555969238
-349.680053711
-415.322814941
-404.908050537
-405.108459473
-359.752288818
-390.870452881
-398.319122314
-454.679138184
-423.975616455
-347.938781738
-396.410339355
-407.200012207
-404.525909424
-440.838226318
-441.597991943
-384.53036499
-412.695495605
-428.62399292
-457.212036133
-324.457000732
-459.917144775
-436.354644775
-418.658111572
-363.557342529
-410.39465332
-434.282287598
-390.160522461
-410.274993896
-422.382629395
-378.040283203
-429.055603027
-418.732635498
-394.243347168
-365.9715271
-408.427642822
-386.851409912
-410.143035889
-387.957275391
-391.426879883
-407.310852051
-400.842651367
-404.779174805
-356.109588623
-451.528076172
-400.271392822
-392.989318848
-419.581268311
-346.039611816
-386.417663574
-430.863037109
-398.855743408
-396.514282227
-399.062591553
-414.317443848
-368.355041504
-458.849761963
-415.858673096
-412.194885254
-438.357055664
-439.446380615
-387.197998047
-423.551574707
-381.097900391
-410.357696533
-373.392028809
-486.746582031
-415.664825439
-403.239532471
-358.589233398
-392.374725342
-422.261016846
-384.969360352
-440.941741943
-400.89855957
-413.865478516
-390.471191406
-386.298858643
-390.9453125
-373.988433838
-390.86807251
-406.119506836
-416.771026611
-456.738311768
-411.144744873
-416.59262085
-442.26739502
-383.455078125
-398.311645508
-381.88684082
-439.313415527
-380.691741943
-370.918334961
-461.986846924
-448.95223999
-383.399047852
-386.303039551
-367.09375
-379.77545166
-394.616668701
-417.789703369
-360.247314453
-387.49041748
-383.872680664
-430.588439941
-408.212402344
-421.311462402
-418.926208496
-392.459014893
-409.268371582
-397.458007812
-468.234313965
-440.48526001
-370.569000244
-402.811706543
-422.102722168
-443.414367676
-400.451202393
-397.288116455
-415.685943604
-376.694732666
-357.959747314
-358.495025635
-406.085540771
-427.009307861
-365.041412354
-438.098083496
-426.57989502
-437.649963379
-361.264099121
-355.213928223
-411.11340332
-425.817962646
-454.576812744
-402.020690918
-411.403656006
-416.340881348
-399.976745605
-423.746826172
-377.031219482
-372.06842041
-428.936645508
-397.645202637
-418.140289307
-401.189819336
-387.393249512
-406.491210938
-422.895996094
-401.4324646
-361.883148193
-438.749420166
-429.135772705
-356.272827148
-415.556304932
-472.858612061
-378.782318115
-401.56060791
-386.211914062
-431.996917725
-445.198638916
-418.237670898
-387.078186035
-392.613922119
-385.973388672
-396.845092773
-421.375671387
-424.431427002
-425.500610352
-344.173858643
-363.133117676
-412.710723877
-420.367675781
-414.777526855
-454.440307617
-392.140380859
-404.061279297
-408.775024414
-439.690338135
-448.244506836
-359.04119873
-424.013427734
-382.479034424
-432.219146729
-410.893585205
-415.272186279
-373.410827637
-435.419464111
-427.890686035
-395.409118652
-424.08770752
-386.012084961
-444.38861084
-393.559539795
-406.774902344
-366.050354004
-412.97567749
-404.723754883
-403.672546387
-394.76550293
-414.988250732
-371.852539062
-411.12298584
-406.896453857
-407.814483643
-400.694152832
-411.710021973
-437.176940918
-395.478088379
-433.832702637
-469.058319092
-427.380218506
-427.724517822
-416.168243408
-343.907043457
-380.94934082
-403.626525879
-485.35534668
-406.21194458
-421.784667969
-446.227996826
-415.631988525
-449.790588379
-415.586303711
-406.418579102
-398.828582764
-424.31149292
-415.968109131
-406.153137207
-404.622497559
-369.443389893
-374.963867188
-430.198883057
-362.873687744
-430.616119385
-413.85055542
-427.468475342
-404.712310791
-395.231536865
-410.289794922
-372.176940918
-397.305175781
-411.018249512
-421.342285156
-384.804382324
-416.172729492
-359.849639893
-414.310791016
-381.536102295
-392.59463501
-402.236541748
-448.755279541
-417.740386963
-385.172302246
-462.296234131
-388.62097168
-387.460632324
-424.761260986
-432.843780518
-424.848144531
-373.093078613
-387.708190918
-427.406188965
-365.685546875
-383.759063721
-426.413848877
-399.61340332
-394.915893555
-382.010253906
-398.936645508
-430.689697266
-449.479156494
-341.984100342
-458.320587158
-449.234283447
-363.118804932
-405.134674072
-376.042938232
-408.360687256
-374.567810059
-392.385803223
-390.270629883
-429.023651123
-415.290985107
-378.598327637
-405.884765625
-438.205932617
-437.128265381
-348.982849121
-361.476074219
-377.358093262
-381.107971191
-423.18572998
-364.670959473
-397.506958008
-383.615142822
-462.540313721
-369.268798828
-400.076385498
-373.995941162
-371.651245117
-433.415771484
-449.332611084
-395.616394043
-409.571990967
-447.160491943
-398.902984619
-422.191467285
-396.624298096
-369.208953857
-362.296905518
-400.492767334
-368.532073975
-373.704925537
-407.415435791
-355.076538086
-393.058624268
-419.48034668
-407.394256592
-408.305664062
-379.706817627
-412.60748291
-380.973327637
-389.017120361
-377.066314697
-429.726989746
-380.383605957
-410.977752686
-415.681671143
-316.464324951
-381.087463379
-410.299957275
-409.056854248
-397.544128418
-430.880950928
-369.336669922
-369.859558105
-444.739501953
-382.506072998
-359.255645752
-407.190673828
-366.785888672
-391.502227783
-436.432006836
-469.022094727
-360.111846924
-407.754974365
-367.980377197
-326.452087402
-402.615905762
-394.206787109
-379.346466064
-351.147857666
-458.853118896
-394.00982666
-461.904266357
-411.414825439
-403.242584229
-370.607849121
-430.260772705
-349.556518555
-423.316772461
-379.419647217
-363.768035889
-416.767059326
-403.656677246
-390.225219727
-426.137878418
-422.4425354
-372.993835449
-394.947174072
-415.490386963
-371.691162109
-352.158630371
-356.577545166
-419.057373047
-406.464080811
-359.625976562
-399.699401855
-415.034545898
-415.583831787
-400.133789062
-386.489501953
-394.053833008
-408.467498779
-412.8125
-409.063903809
-425.539886475
-349.804656982
-475.847198486
-433.524261475
-441.127929688
-416.634887695
-380.375488281
-442.751586914
-448.018035889
-387.638031006
-441.499237061
-419.890106201
-379.009094238
-392.035369873
-440.845855713
-440.81350708
-383.596618652
-404.948425293
-434.960571289
-354.260284424
-393.341461182
-358.120758057
-376.35949707
-409.938812256
-448.890563965
-424.058349609
-418.357757568
-442.11618042
-403.416015625
-356.296142578
-392.199951172
-416.895446777
-390.904022217
-437.494812012
-366.165557861
-374.244110107
-436.611907959
-398.099090576
-390.761627197
-356.426513672
-411.36605835
-415.448822021
-367.317749023
-454.309509277
-392.457397461
-429.38381958
-363.938537598
-392.381225586
-382.135986328
-401.148651123
-369.711914062
-379.993774414
-390.003387451
-393.663726807
-427.39465332
-409.266357422
-438.89831543
-432.892272949
-395.288269043
-461.857849121
-368.394989014
-414.811889648
-391.753204346
-412.738525391
-440.383514404
-456.365966797
-430.453948975
-390.54888916
-394.13961792
-409.303955078
-427.313598633
-423.496551514
-444.974853516
-422.913574219
-364.057739258
-397.785339355
-391.216583252
-422.671813965
-414.317321777
-412.371154785
-375.852050781
-362.172088623
-378.380523682
-433.329162598
-410.1590271
-362.528533936
-309.141662598
-329.304901123
-437.988891602
-435.413726807
-377.752685547
-379.10546875
-384.589691162
-426.058746338
-417.079650879
-382.542022705
-357.001586914
-377.074859619
-420.149749756
-342.533752441
-379.382446289
-375.05090332
-439.46295166
-386.281707764
-331.625915527
-411.712799072
-371.623413086
-397.30255127
-385.954559326
-454.876800537
-375.425048828
-409.723571777
-365.638946533
-381.04498291
-451.772827148
-375.058502197
-413.405090332
-392.539123535
-390.368865967
-411.387084961
-445.544555664
-386.807006836
-333.036468506
-384.247436523
-426.101135254
-389.25769043
-395.877746582
-381.61328125
-433.619171143
-412.335144043
-405.080627441
-368.039306641
-407.64541626
-423.76071167
-385.22769165
-394.88381958
-370.499420166
-422.072387695
-404.851196289
-391.822814941
-438.249237061
-381.738067627
-391.370147705
-388.733673096
-410.857086182
-451.201049805
-369.177459717
-392.053588867
-427.530731201
-371.743377686
-413.767456055
-430.839019775
-399.618286133
-409.549377441
-420.743133545
-381.385131836
-379.753814697
-379.232421875
-411.327423096
-393.230377197
-383.208435059
-363.849578857
-406.515533447
-457.149017334
-408.723724365
-449.429290771
-417.324676514
-379.228363037
-407.378265381
-364.84375
-386.220184326
-365.275695801
-359.4894104
-372.025085449
-442.048248291
-452.065917969
-423.199584961
-390.868652344
-382.148956299
-408.833068848
-335.953460693
-445.764312744
-397.004364014
-399.183166504
-363.005126953
-424.181427002
-365.724273682
-463.95022583
-402.333435059
-365.627624512
-389.784118652
-387.018035889
-344.512756348
-420.916046143
-364.857727051
-389.153991699
-381.145050049
-409.00982666
-472.844604492
-421.004638672
-364.087249756
-448.992950439
-451.192199707
-450.842590332
-443.492950439
-385.684265137
-424.376068115
-419.766998291
-412.951080322
-345.830596924
-386.160675049
-429.806213379
-352.861114502
-408.56350708
-408.83001709
-390.230377197
-408.824035645
-376.055450439
-437.252868652
-398.104248047
-405.374847412
-336.220092773
-394.189788818
-380.911743164
-373.143981934
-414.743286133
-359.615356445
-423.086273193
-414.073364258
-441.310150146
-419.703857422
-390.429290771
-460.899169922
-374.674072266
-397.51940918
-381.129180908
-421.770507812
-382.220855713
-375.705169678
-380.234283447
-374.176513672
-402.196838379
-399.419250488
-394.033935547
-405.955383301
-464.428527832
-373.853973389
-420.641326904
-381.037445068
-412.784729004
-407.379333496
-387.746551514
-395.012756348
-399.427246094
-373.128540039
-369.65725708
-425.222412109
-398.093566895
-361.30960083
-380.504394531
-389.843292236
-422.568450928
-339.518066406
-401.830993652
-331.164154053
-376.501251221
-345.9637146
-372.184539795
-428.124359131
-396.17565918
-406.335632324
-419.053161621
-399.170135498
-422.565795898
-415.157196045
-385.338745117
-347.332427979
-386.932617188
-444.441558838
-405.560150146
-376.826690674
-404.090881348
-334.801269531
-388.452819824
-401.58505249
-395.068084717
-412.346832275
-371.640075684
-345.375244141
-371.862091064
-416.017822266
-424.525756836
-388.552703857
-401.524597168
-381.511932373
-388.870819092
-396.139892578
-400.729980469
-412.061645508
-411.071746826
-416.234802246
-378.125518799
-368.404266357
-397.104156494
-374.430358887
-355.101257324
-323.792114258
-380.124633789
-441.009338379
-338.422058105
-404.425445557
-304.48236084
-388.439544678
-411.115509033
-437.45199585
-416.262237549
-379.57220459
-407.977050781
-358.244812012
-397.180755615
-410.18661499
-393.348937988
-414.927825928
-379.724182129
-399.356231689
-422.521911621
-412.371154785
-360.25982666
-467.971923828
-419.267303467
-358.85043335
-355.364318848
-397.532897949
-405.489654541
-415.327056885
-384.200500488
-399.12902832
-415.652313232
-358.377868652
-386.857177734
-402.809082031
-373.186187744
-353.395935059
-409.245391846
-355.024383545
-477.528137207
-413.152954102
-438.681488037
-364.832946777
-347.336395264
-432.768493652
-416.662597656
-366.188934326
-415.519989014
-392.445220947
-360.924133301
-386.078735352
-387.475494385
-352.147796631
-429.959960938
-417.516021729
-409.331481934
-395.997802734
-415.587921143
-372.120941162
-418.484436035
-406.646606445
-381.307342529
-448.168579102
-385.495544434
-390.777923584
-425.188354492
-394.182495117
-367.521331787
-401.600921631
-378.075408936
-416.975128174
-365.157318115
-375.853485107
-436.289642334
-363.435424805
-416.44317627
-369.808746338
-412.144897461
-366.939300537
-363.464385986
-428.109466553
-369.381317139
-436.36050415
-409.014923096
-385.971679688
-381.440795898
-372.78527832
-408.679626465
-392.979522705
-410.327880859
-406.997131348
-397.66192627
-384.678894043
-380.074493408
-377.02255249
-387.887695312
-425.9402771
-463.187316895
-353.893188477
-376.732696533
-375.938079834
-420.53137207
-405.792755127
-390.4815979
-352.156463623
-404.683776855
-451.121063232
-426.078460693
-377.553619385
-381.228851318
-437.094787598
-411.679473877
-418.047058105
-420.563537598
-429.075683594
-349.342254639
-404.29888916
-461.849975586
-417.735137939
-429.469299316
-348.991516113
-395.829223633
-411.333251953
-438.332946777
-390.170074463
-364.166015625
-383.989257812
-356.880096436
-370.30279541
-378.544769287
-395.52734375
-373.569549561
-444.711517334
-360.074829102
-411.579284668
-344.098937988
-438.031707764
-364.37612915
-424.434356689
-379.175262451
-332.607757568
-412.773040771
-403.642730713
-364.143218994
-435.640228271
-404.074035645
-450.692749023
-418.691009521
-451.32421875
-409.07800293
-354.627166748
-401.491088867
-400.798339844
-470.435974121
-383.161834717
-450.259521484
-405.203063965
-391.180511475
-443.084289551
-398.488800049
-431.86428833
-397.361206055
-459.097625732
-397.682312012
-384.647979736
-332.756988525
-359.205535889
-331.992523193
-360.709625244
-378.309814453
-399.8097229
-418.308441162
-450.03012085
-440.270385742
-414.587249756
-409.295532227
-408.755889893
-360.097717285
-386.628082275
-394.509124756
-361.845550537
-368.591369629
-346.143249512
-386.235534668
-356.224029541
-412.858154297
-468.460998535
-393.445892334
-422.906677246
-411.546508789
-386.661773682
-412.275085449
-332.729858398
-383.67791748
-399.1065979
-364.460418701
-387.776977539
-442.850616455
-424.806762695
-371.956451416
-353.633758545
-411.928588867
-390.172668457
-425.584381104
-405.407287598
-395.513946533
-451.512207031
-423.030761719
-369.747589111
-383.614105225
-429.312896729
-360.896850586
-453.991882324
-417.112823486
-428.283996582
-384.266662598
-380.999572754
-388.910522461
-359.512390137
-433.466186523
-360.857513428
-351.321716309
-359.903564453
-437.617828369
-346.822875977
-372.23840332
-374.143188477
-423.357849121
-370.243011475
-359.071685791
-432.399475098
-393.451019287
-438.579467773
-426.072998047
-419.660644531
-402.851013184
-395.612213135
-358.859436035
-407.430236816
-441.860870361
-366.317169189
-362.597381592
-404.828460693
-362.674713135
-425.372070312
-436.247924805
-372.57901001
-396.302886963
-421.332458496
-350.616516113
-396.144134521
-424.341217041
-411.712890625
-340.217224121
-315.256286621
-386.712249756
-382.653411865
-382.857055664
-369.379943848
-340.49319458
-426.328674316
-381.876159668
-379.370788574
-382.77130127
-388.881622314
-426.160827637
-338.409667969
-390.541320801
-389.86340332
-406.900299072
-373.071838379
-368.049682617
-387.134185791
-366.554321289
-405.297454834
-384.129516602
-458.419525146
-358.976501465
-382.14239502
-439.171234131
-361.946990967
-458.036865234
-376.588562012
-398.422332764
-358.902587891
-422.814910889
-389.526611328
-423.801635742
-390.061584473
-363.355926514
-387.960784912
-357.216430664
-413.408905029
-437.774108887
