14.6420345306
17.1364135742
19.9792690277
14.5677137375
15.2729873657
18.3397216797
16.8901367188
19.0222816467
14.5621814728
13.4470825195
17.7761230469
17.3349323273
15.3909282684
12.822259903
18.7492923737
14.6483163834
12.1065740585
16.1517677307
13.6897783279
16.1504421234
19.0116252899
12.8514471054
13.5473184586
20.7753810883
20.1345176697
15.3830709457
12.7022190094
13.1867208481
13.589173317
15.2430114746
10.3450155258
17.1987991333
11.0992431641
16.6566982269
14.1431617737
9.3914270401
12.8096227646
10.7479534149
14.8582553864
11.71139431
10.3874921799
12.3924894333
13.9298152924
13.7698450089
9.37170410156
9.64388370514
6.59292316437
16.9314918518
6.34874010086
10.0728807449
6.61915111542
10.2358646393
10.4963579178
13.4017753601
5.36161708832
8.46770763397
12.184425354
10.4333171844
8.16184425354
9.61220550537
13.5009040833
11.1184988022
6.27065896988
10.8603200912
14.3560171127
5.94691419601
10.5572147369
4.76411437988
4.55516004562
7.03367185593
4.85635375977
9.61860752106
5.69212436676
5.56582975388
3.72494959831
4.56256723404
11.8104286194
7.79904127121
4.87050247192
5.0040230751
4.06778621674
4.32044029236
8.09978675842
4.87768650055
4.3553404808
4.20358991623
12.1850652695
4.01190137863
3.08309030533
7.98342132568
5.86275672913
4.12799835205
7.9903793335
5.35365056992
4.51188516617
3.52358984947
8.04597473145
8.27439594269
10.8584327698
4.37026166916
3.60796093941
6.07764720917
2.1479818821
6.35771989822
4.46130943298
10.115901947
3.49410605431
9.95035457611
3.5060198307
4.19823455811
6.79757070541
3.05601549149
6.03762626648
11.3786668777
3.95515394211
8.92938137054
4.57976055145
3.78312897682
2.60217118263
3.21568870544
4.3601474762
3.47798418999
5.49974632263
7.49736070633
2.57325792313
10.6002111435
3.37150788307
8.94231319427
3.69134497643
6.41671228409
5.85593700409
8.07733154297
4.06406354904
6.94637775421
6.12906599045
4.20393276215
6.19596004486
10.4791755676
5.67257928848
3.49099636078
7.66047859192
6.6030049324
7.49324178696
5.96538543701
7.69409942627
6.95671749115
14.102976799
5.24235725403
2.52794671059
12.1319894791
3.73679804802
4.70365428925
5.43071460724
5.01184082031
4.51731300354
7.79442119598
4.03037834167
3.1584944725
7.50080728531
5.4917140007
6.72214508057
4.20388889313
6.48405742645
7.89946699142
12.6591434479
7.0268034935
6.51703262329
6.63637828827
4.9410777092
8.89521980286
4.69130802155
10.3719959259
12.3659563065
4.41088247299
5.98506164551
3.56127643585
7.10154008865
5.50197649002
6.8541135788
4.32208776474
5.75841522217
7.60283660889
3.41549944878
9.66868877411
4.30154418945
3.39846110344
4.30970048904
9.06019592285
4.17672634125
6.40713977814
7.64369535446
5.73904132843
11.9618110657
6.56239700317
4.70157527924
8.64351654053
3.14969611168
3.84577083588
4.43623065948
4.18748664856
