-353.66607666
-332.750976562
-334.233123779
-336.990234375
-317.717010498
-313.401184082
-332.009490967
-306.31427002
-313.787445068
-335.706054688
-316.213226318
-328.966033936
-304.077056885
-316.402709961
-301.041778564
-301.987670898
-311.484283447
-302.226074219
-347.135925293
-329.830200195
-310.646209717
-276.375152588
-341.241546631
-321.930297852
-348.52130127
-295.584320068
-308.354003906
-335.31072998
-319.55847168
-295.575531006
-312.30960083
-297.583679199
-281.940917969
-332.292480469
-323.06060791
-332.743927002
-335.329162598
-304.373657227
-337.868011475
-301.755950928
-314.231689453
-333.331359863
-292.309295654
-346.647918701
-285.565124512
-339.426361084
-350.853851318
-287.620758057
-320.771514893
-332.036010742
-298.099945068
-281.964447021
-327.347198486
-288.482299805
-340.434020996
-300.614990234
-342.899047852
-313.581848145
-315.451080322
-316.397705078
-328.620513916
-343.009613037
-302.468414307
-325.818786621
-312.468994141
-280.620391846
-330.537841797
-284.496765137
-306.638641357
-325.6199646
-291.788787842
-309.411132812
-303.852203369
-310.587982178
-280.436096191
-314.451385498
-299.454406738
-316.489898682
-267.550323486
-306.03793335
-301.40814209
-312.798095703
-325.860290527
-331.670227051
-312.348144531
-319.110717773
-312.975708008
-291.436584473
-309.896606445
-317.358398438
-335.475097656
-321.860076904
-345.76361084
-307.053619385
-312.966247559
-330.396087646
-326.979064941
-297.013702393
-319.372467041
-281.682525635
-314.071350098
-288.499694824
-306.589416504
-330.918579102
-267.664764404
-315.901611328
-308.727325439
-297.614532471
-300.312072754
-300.3074646
-302.141967773
-318.794555664
-307.70223999
-286.269683838
-313.094238281
-281.025268555
-337.661865234
-339.237335205
-296.395996094
-294.430999756
-323.191436768
-301.755981445
-316.5
-299.756256104
-302.74105835
-304.690093994
-300.589996338
-299.48348999
-335.784484863
-304.597930908
-302.021911621
-304.602630615
-325.908599854
-325.158691406
-307.180145264
-308.886260986
-301.920623779
-324.420013428
-306.009063721
-313.178344727
-321.994903564
-325.76550293
-324.339294434
-312.317443848
-337.268493652
-314.42755127
-318.643951416
-283.15020752
-328.906036377
-330.720214844
-304.450317383
-304.575775146
-302.674072266
-301.2862854
-300.868164062
-296.508789062
-316.893829346
-278.770355225
-330.559204102
-285.902801514
-283.312408447
-297.764556885
-310.585662842
-334.088439941
-313.393341064
-303.171020508
-309.933532715
-312.888061523
-293.754119873
-321.800506592
-282.731140137
-318.928314209
-318.345611572
-283.300445557
-300.464569092
-316.650848389
-332.928222656
-322.106719971
-286.789733887
-286.245361328
-311.359680176
-291.830078125
-300.437255859
-326.719451904
-286.04309082
-310.981964111
-348.871398926
-310.001037598
-320.416778564
-301.19543457
-351.416717529
-311.921447754
-290.840942383
-297.996704102
-325.461090088
-330.175048828
-300.726196289
-283.19128418
-325.60848999
-292.404388428
