23.5600185394
18.0038013458
20.6989135742
11.5498437881
27.9161434174
22.012840271
14.9896697998
20.914899826
18.511844635
21.787481308
16.0113449097
17.6115379333
18.9352207184
18.1196746826
16.7156925201
16.3557052612
23.0144672394
19.8061008453
29.1089725494
15.2893657684
14.8247108459
14.8322477341
22.1426105499
18.5692634583
23.3855228424
15.8412380219
15.2011051178
21.163690567
18.1174507141
16.8966140747
15.1802206039
17.5367736816
17.098903656
16.9530086517
15.7558164597
13.6501350403
18.9702320099
18.562828064
18.8144073486
15.2012472153
18.2789440155
16.7073230743
18.4767169952
10.9682970047
18.4372501373
22.6505870819
13.4421863556
16.9208641052
13.7485198975
15.6065998077
15.8283567429
11.2838029861
19.5058116913
13.0427808762
11.7708482742
12.0898427963
13.0113267899
7.27720117569
13.5236005783
12.9603633881
15.031744957
24.0738449097
12.5488510132
19.8039264679
12.9059638977
11.6131572723
14.230922699
10.5568904877
21.4843292236
10.2028551102
12.7320222855
12.1327619553
14.0066766739
14.3036642075
13.7484731674
16.6298179626
10.336812973
7.58627986908
11.2838201523
10.5385217667
11.8938169479
10.4288730621
9.33642864227
19.9016284943
7.46926641464
9.02939605713
7.50011062622
11.1607265472
13.0535964966
9.19157791138
7.48259067535
6.62734460831
8.92287826538
10.7686157227
8.42800617218
8.99523925781
7.17331600189
10.0364608765
8.26533412933
6.12290239334
6.71135473251
5.2607293129
5.10768270493
6.90720939636
9.34957885742
10.6856327057
3.93202519417
7.64328050613
5.1746134758
20.4267559052
11.3337182999
12.1783208847
4.32732439041
4.416015625
10.7164487839
13.7328252792
4.60555267334
5.91440439224
9.18599128723
5.18062877655
8.79570484161
3.99593281746
10.9321937561
5.08303260803
11.6500597
14.3380002975
5.35872983932
10.188829422
6.53583574295
6.47094774246
14.4665145874
4.6904630661
7.02988147736
6.33986711502
5.03241634369
3.51819181442
6.70839977264
8.60466957092
6.63662815094
5.94503068924
6.38793420792
3.71084833145
8.22120094299
18.490316391
10.5633401871
6.78477907181
7.13309049606
10.3112630844
15.6037302017
4.04093503952
9.30460262299
14.9294090271
10.1893196106
5.4116358757
2.33613085747
8.61329364777
8.38090229034
6.0257692337
7.540558815
12.2361335754
4.77010583878
6.82088851929
12.2906665802
10.356048584
9.3313741684
6.6099190712
11.6146297455
4.67211389542
4.71335983276
4.92019081116
8.46250247955
5.46356153488
4.84778594971
4.86143302917
8.15519714355
10.2441596985
6.20513677597
19.9157409668
12.73250103
4.57853078842
5.2293176651
7.87300395966
15.3273000717
9.98204612732
6.80679321289
5.58078432083
7.51854991913
4.9924659729
10.3338022232
5.05055952072
12.6331834793
9.80504131317
6.57491254807
9.46009731293
10.5139446259
5.54367399216
5.34851503372
7.3106842041
7.47888088226
3.67036485672
