-284.912658691
-389.91217041
-301.55267334
-288.975860596
-273.897613525
-245.096893311
-410.471923828
-228.284881592
-295.527954102
-335.948516846
-264.894622803
-255.332748413
-307.370635986
-341.985626221
-378.228912354
-328.297302246
-248.065292358
-335.274383545
-282.13192749
-421.741699219
-325.822601318
-213.960647583
-268.63571167
-305.008636475
-371.650726318
-364.614837646
-368.605926514
-251.273895264
-264.598083496
-277.442565918
-189.3256073
-217.458465576
-299.969268799
-267.244171143
-257.298675537
-274.626403809
-305.169128418
-316.396759033
-301.998413086
-292.572570801
-321.763641357
-289.862915039
-351.047180176
-280.085021973
-292.037780762
-282.512878418
-336.615356445
-340.645233154
-378.552429199
-308.208557129
-297.745422363
-311.339263916
-338.040435791
-400.640899658
-296.248413086
-294.821990967
-286.301422119
-252.827148438
-309.387481689
-390.845397949
-292.241424561
-331.659637451
-277.370117188
-341.245300293
-339.589813232
-302.359008789
-365.219268799
-245.489089966
-367.456481934
-305.602630615
-373.089630127
-279.945922852
-253.89050293
-297.651275635
-268.346893311
-333.310974121
-299.819458008
-323.440338135
-274.234588623
-352.284362793
-307.243347168
-322.490325928
-347.605895996
-239.562759399
-294.519317627
-273.445556641
-354.847473145
-338.168273926
-344.784423828
-318.997131348
-254.938644409
-257.040313721
-294.268951416
-259.07434082
-232.977706909
-397.675415039
-356.876159668
-356.033508301
-378.628143311
-289.061523438
-293.591918945
-313.19329834
-273.294342041
-329.439300537
-236.079971313
-377.408996582
-304.13470459
-225.185287476
-319.116546631
-395.316223145
-324.569641113
-332.981994629
-250.501480103
-321.792572021
-456.725799561
-215.15586853
-312.153900146
-385.377441406
-282.599090576
-275.814453125
-261.376617432
-351.401550293
-281.594238281
-375.856414795
-388.177276611
-245.670150757
-299.118041992
-329.951171875
-355.818939209
-387.699645996
-252.582382202
-247.313400269
-208.933441162
-295.058013916
-296.747955322
-260.495269775
-295.283599854
-276.151611328
-339.493743896
-280.203582764
-241.860351562
-416.399414062
-257.455932617
-273.485626221
-265.930633545
-272.154541016
-274.088531494
-360.626220703
-275.650756836
-333.654327393
-245.230010986
-243.779037476
-213.934783936
-240.50567627
-355.708190918
-353.606536865
-255.243270874
-247.402053833
-225.167434692
-309.657012939
-312.587219238
-323.158233643
-261.344085693
-265.800689697
-354.142883301
-345.467956543
-306.864715576
-370.420837402
-280.448608398
-356.445343018
-274.657226562
-332.016448975
-304.046234131
-301.398590088
-312.079650879
-317.587280273
-329.820617676
-472.844146729
-312.472625732
-328.101989746
-385.863769531
-283.66796875
-318.018249512
-631.809631348
-328.556274414
-434.757751465
-250.243026733
-271.858459473
-287.582519531
-313.395629883
-211.347290039
-290.109558105
-294.512115479
-404.015777588
-465.020385742
-256.587341309
-346.292449951
-343.508422852
-260.02545166
-310.533111572
-247.963058472
-355.5703125
-351.561187744
-337.084899902
-413.839080811
-234.337875366
-356.505554199
-299.842376709
-371.355682373
-328.81552124
-322.26776123
-340.507720947
-344.60723877
-360.848358154
-305.444244385
-301.783935547
-331.435058594
-312.116210938
-271.512207031
-282.219421387
-352.809997559
-221.11781311
-284.133728027
-321.28729248
-268.705230713
-328.045440674
-294.928344727
-364.484863281
-283.113250732
-320.565307617
-393.154052734
-341.214874268
-305.727416992
-244.448822021
-314.681671143
-235.232666016
-237.388366699
-266.665557861
-308.9894104
-359.670013428
-257.048217773
-271.621368408
-357.934051514
-254.797821045
-256.678070068
-233.225479126
-323.970367432
-301.809234619
-282.377563477
-274.109069824
-236.335830688
-286.579681396
-264.717041016
-308.400817871
-269.442474365
-227.970993042
-317.682556152
-349.672332764
-371.436950684
-255.249938965
-292.458709717
-312.665588379
-272.806152344
-269.727783203
-291.982086182
-229.310531616
-297.664459229
-280.509033203
-340.607116699
-315.001434326
-237.175628662
-238.455627441
-317.532775879
-233.062637329
-277.748443604
-354.392181396
-253.421142578
-343.004974365
-236.316085815
-254.581436157
-275.203704834
-237.67515564
-351.330108643
-323.676422119
-339.65447998
-282.223480225
-282.875030518
-274.053527832
-279.813232422
-340.929016113
-259.472808838
-366.741088867
-289.002838135
-276.488586426
-250.726852417
-226.084182739
-281.333343506
-304.065307617
-253.149185181
-228.716918945
-319.066070557
-265.412689209
-275.471282959
-460.471496582
-192.22038269
-250.359710693
-290.839080811
-248.440887451
-324.923065186
-238.814971924
-223.598861694
-298.055175781
-341.86541748
-294.049468994
-326.296722412
-287.311218262
-237.334716797
-378.109191895
-280.975097656
-312.273895264
-317.061126709
-362.536071777
-259.037475586
-218.046707153
-276.118804932
-386.385375977
-241.376068115
-274.117645264
-295.354949951
-274.17489624
-318.205657959
-312.423095703
-245.820907593
-340.278289795
-250.285919189
-283.133209229
-286.258636475
-308.786102295
-229.836669922
-331.807373047
-332.417694092
-268.808746338
-314.587158203
-324.790039062
-254.442550659
-226.044189453
-275.76763916
-241.356185913
-313.510681152
-326.414825439
-295.587921143
-299.698120117
-253.446044922
-297.202026367
-321.912536621
-246.309753418
-239.390396118
-267.242279053
-378.887939453
-250.102828979
-388.307647705
-271.282958984
-357.70489502
-323.703704834
-270.12310791
-321.165588379
-292.18536377
-259.907104492
-346.548706055
-284.814758301
-267.9425354
-268.061767578
-244.145019531
-227.502639771
-346.303100586
-222.345748901
-346.442932129
-219.630889893
-260.67791748
-327.884674072
-292.727020264
-260.217926025
-317.024688721
-295.489715576
-260.483795166
-342.845001221
-332.940948486
-218.607528687
-229.272201538
-298.032806396
-297.193908691
-291.040252686
-321.229644775
-241.314285278
-324.875
-222.810317993
-264.7550354
-326.165222168
-400.15838623
-289.752319336
-318.068328857
-242.476531982
-255.226486206
-298.987121582
-301.046722412
-346.099914551
-224.039810181
-405.313201904
-196.89151001
-340.368774414
-239.59967041
-246.739624023
-318.651428223
-295.11239624
-264.075500488
-290.932647705
-259.270812988
-199.612701416
-240.521636963
-314.600158691
-246.534591675
-207.850265503
-240.320648193
-303.603240967
-272.184783936
-327.082550049
-315.205200195
-238.725265503
-270.860015869
-234.176864624
-241.557281494
-248.958969116
-240.700210571
-329.814025879
-261.907806396
-242.489608765
-316.903198242
-306.209655762
-300.999237061
-326.614349365
-223.069671631
-283.997802734
-255.927764893
-350.700561523
-223.87612915
-212.376403809
-302.373016357
-218.069152832
-260.366119385
-319.499572754
-371.558319092
-300.624145508
-299.825775146
-235.381271362
-265.362579346
-259.44128418
-175.275741577
-271.452484131
-353.660064697
-207.049377441
-207.128601074
-232.451156616
-210.501754761
-428.777282715
-254.842956543
-322.226867676
-342.802429199
-284.203521729
-228.882202148
-275.636047363
-205.11277771
-298.24331665
-209.604919434
-243.167037964
-361.948730469
-245.367263794
-249.492355347
-269.881896973
-227.930175781
-326.40512085
-215.372573853
-218.414901733
-287.248260498
-342.963897705
-243.803985596
-353.596923828
-280.129180908
-273.271148682
-235.979232788
-387.727172852
-279.373535156
-303.288574219
-303.552520752
-308.082000732
-300.358917236
-199.796661377
-332.392578125
-296.153991699
-272.480224609
-308.556762695
-277.568023682
-280.395324707
-265.774047852
-303.041809082
-198.280807495
-321.704345703
-309.493255615
-257.294342041
-191.101821899
-264.54498291
-309.599487305
-273.833435059
-227.673934937
-308.097869873
-203.199874878
-244.187240601
-236.839691162
-263.818328857
-313.610717773
-319.949981689
-281.299804688
-258.109100342
-315.117492676
-336.038421631
-205.680862427
-279.087249756
-250.867233276
-321.263580322
-299.990203857
-198.038345337
-297.448638916
-254.73538208
-244.787750244
-329.977233887
-253.505661011
-319.600982666
-290.685577393
-396.979614258
-347.626922607
-262.136260986
-293.551116943
-328.140136719
-229.295471191
-251.201034546
-231.641921997
-169.644317627
-375.474487305
-245.365386963
-336.552612305
-261.112579346
-347.432220459
-305.057403564
-243.259552002
-377.03213501
-203.625488281
-266.582122803
-332.104125977
-224.639526367
-251.701644897
-197.07800293
-282.005615234
-295.902648926
-442.828704834
-328.251678467
-317.023956299
-220.963287354
-183.375640869
-273.337402344
-256.365081787
-270.3203125
-402.552947998
-230.206375122
-243.662322998
-304.552978516
-249.919784546
-247.738189697
-337.501708984
-260.029876709
-373.827545166
-294.034423828
-340.639892578
-357.408111572
-364.978027344
-202.032577515
-298.735687256
-315.105773926
-360.767883301
-278.54788208
-270.527526855
-310.053955078
-327.116790771
-301.770233154
-277.898620605
-294.571380615
-322.337371826
-296.454315186
-249.393890381
-217.961776733
-236.392181396
-258.300262451
-340.211120605
-261.87210083
-334.94619751
-195.558303833
-299.256347656
-263.215301514
-406.9921875
-219.152206421
-273.694366455
-218.692352295
-317.33694458
-241.202255249
-259.363800049
-316.538269043
-293.278656006
-290.607727051
-307.578704834
-301.093688965
-437.042938232
-246.721755981
-235.208618164
-223.33531189
-255.625320435
-290.570739746
-248.732650757
-340.951934814
-236.981155396
-342.317260742
-336.101409912
-316.462219238
-252.548858643
-317.452606201
-270.879974365
-256.613739014
-311.912078857
-386.477172852
-201.173858643
-298.170959473
-287.443603516
-315.807312012
-339.610137939
-301.087219238
-279.131469727
-187.862106323
-224.319793701
-210.077728271
-262.255554199
-272.499969482
-279.441131592
-269.589111328
-254.515625
-224.51272583
-310.542266846
-259.188110352
-239.825515747
-215.490280151
-256.378509521
-217.801559448
-240.955474854
-220.631607056
-285.431152344
-221.498794556
-348.168914795
-300.627593994
-310.737121582
-386.067749023
-277.829589844
-272.902740479
-286.837768555
-242.309005737
-289.138824463
-431.83102417
-289.110107422
-232.520721436
-284.22958374
-209.622634888
-298.533477783
-247.831008911
-327.995269775
-219.556625366
-245.414138794
-265.479248047
-395.721374512
-305.03302002
-287.370758057
-241.734527588
-302.344024658
-241.969345093
-352.15725708
-242.62387085
-284.935791016
-244.989044189
-246.092971802
-227.274993896
-202.419799805
-243.406295776
-282.825134277
-282.403259277
-238.337265015
-243.630462646
-255.797531128
-312.323638916
-239.882324219
-330.171356201
-214.094406128
-248.940002441
-343.711120605
-337.719573975
-263.553955078
-266.528289795
-265.682922363
-259.803253174
-281.363708496
-282.444793701
-270.526611328
-311.023468018
-192.731933594
-184.556793213
-249.840927124
-267.139556885
-344.591033936
-312.847412109
-293.383026123
-327.148254395
-295.665344238
-439.469421387
-273.33493042
-212.391784668
-348.678497314
-331.491699219
-325.751922607
-344.355682373
-284.03717041
-290.172332764
-309.173614502
-295.724456787
-289.880981445
-278.15826416
-334.457183838
-245.848129272
-271.949676514
-322.593444824
-270.948822021
-311.277893066
-260.676452637
-314.717254639
-220.686050415
-224.428710938
-258.835723877
-371.193511963
-290.761444092
-293.839782715
-202.527709961
-321.621826172
-257.700805664
-300.376495361
-250.1224823
-239.231170654
-226.168106079
-327.612762451
-367.652832031
-301.907043457
-330.542877197
-253.537811279
-332.635894775
-248.665176392
-311.637023926
-222.934127808
-229.602233887
-354.473937988
-250.421005249
-304.562835693
-209.514556885
-350.16293335
-295.13104248
-225.147888184
-320.704040527
-278.450897217
-238.101394653
-264.585021973
-286.184753418
-205.11857605
-278.668273926
-329.997619629
-347.985961914
-316.391357422
-367.968444824
-236.675842285
-322.997344971
-236.128051758
-215.958694458
-276.975952148
-352.28729248
-236.40536499
-305.595092773
-333.62512207
-324.265563965
-277.637756348
-269.670684814
-217.553344727
-211.103591919
-313.217590332
-234.939819336
-371.424377441
-326.996307373
-232.701904297
-290.042205811
-282.210113525
-305.761932373
-283.371795654
-245.250762939
-293.107452393
-302.177124023
-235.737457275
-205.624908447
-257.813049316
-237.219467163
-207.480484009
-221.772155762
-316.559387207
-218.655929565
-227.620376587
-204.035629272
-205.311904907
-378.557830811
-289.077056885
-308.522216797
-458.261016846
-253.742111206
-247.130386353
-275.028839111
-282.29196167
-259.595611572
-307.94708252
-335.085144043
-274.422454834
-261.082885742
-254.333023071
-260.08203125
-207.631820679
-320.533905029
-279.152587891
-290.659759521
-300.898925781
-259.137573242
-309.647674561
-279.798095703
-236.482055664
-289.818267822
-377.275238037
-287.797546387
-277.66708374
-277.437438965
-356.637512207
-338.900634766
-257.268341064
-240.625717163
-266.283416748
-327.945587158
-341.758666992
-307.561431885
-345.383880615
-241.755462646
-276.523498535
-228.290237427
-288.282012939
-278.447784424
-370.779724121
-274.140838623
-291.252532959
-217.045379639
-292.138122559
-354.487243652
-370.626831055
-307.255279541
-273.580505371
-258.243713379
-206.818359375
-293.659454346
-290.800109863
-291.019134521
-223.973770142
-287.659118652
-328.813842773
-303.273284912
-298.836456299
-243.619598389
-325.510253906
-191.558166504
-249.396575928
-203.183486938
-290.816864014
-269.233673096
-315.790924072
-271.487487793
-267.09362793
-286.620941162
-220.266189575
-303.323944092
-232.114501953
-271.844543457
-286.218261719
-268.799713135
-211.029281616
-312.674804688
-279.733337402
-291.454956055
-338.642700195
-223.896392822
-258.779937744
-304.248321533
-275.133178711
-268.728057861
-218.379318237
-289.852600098
-211.568237305
-283.405181885
-283.298339844
-164.625091553
-291.828765869
-251.555130005
-215.940917969
-307.255706787
-298.581787109
-285.441131592
-266.810699463
-309.640289307
-277.361419678
-416.358551025
-297.187591553
-263.957458496
-363.702270508
-213.261154175
-292.691558838
-206.686508179
-319.835571289
-284.478973389
-285.765899658
-243.635284424
-266.330566406
-303.261077881
-271.865539551
-207.564682007
-183.752929688
-234.146911621
-244.810165405
-296.364257812
-322.001678467
-244.477539062
-221.25642395
-288.739990234
-334.527984619
-255.888137817
-206.660949707
-363.422149658
-269.633361816
-257.255157471
-399.656402588
-360.072052002
-317.536102295
-236.783309937
-299.532501221
-250.125442505
-298.336364746
-197.550979614
-269.602478027
-292.437164307
-306.550811768
-273.518493652
-307.061218262
-253.405075073
-267.095336914
-386.039215088
-337.170532227
-280.502349854
-321.413726807
-438.740386963
-271.778900146
-235.654602051
-360.175445557
-283.586242676
-365.327087402
-253.716110229
-298.886962891
-277.199462891
-345.427062988
-271.682342529
-341.083557129
-263.804077148
-250.93862915
-283.77532959
-344.403778076
-299.862579346
-221.765731812
-286.716583252
-213.369003296
-309.814056396
-253.547622681
-250.0703125
-257.590393066
