53.5934181213
49.273765564
48.782371521
53.608795166
53.7926483154
44.2840118408
55.7888565063
41.6971626282
41.1888046265
51.843711853
51.6711082458
56.7809867859
43.1750526428
45.8850326538
48.6901473999
43.5951156616
44.6157035828
42.0723991394
43.7004432678
49.4001655579
35.1384124756
43.9359512329
41.1157608032
39.6148719788
47.9096908569
50.056602478
41.4543762207
41.6724815369
51.5946502686
45.1105575562
40.90625
44.8936424255
47.652015686
39.2495269775
49.2490119934
49.3315200806
34.763458252
43.055267334
34.6220664978
41.7426452637
47.4477157593
42.4758491516
38.6132888794
47.2126579285
47.4011268616
37.8521461487
46.1301460266
32.7961807251
45.824005127
35.6523399353
42.2065811157
32.2133407593
45.8036231995
39.2198410034
35.3468017578
46.4153060913
35.6392707825
38.780040741
38.737701416
39.3412055969
39.7380371094
39.9201545715
36.7759971619
42.3044052124
36.21043396
32.6376113892
29.861207962
38.5522270203
34.3912124634
42.334980011
33.5462684631
28.8280277252
37.3710708618
33.5665512085
28.0183372498
36.8639030457
27.9862327576
32.8655853271
35.3096733093
26.4360733032
36.0468788147
32.4623794556
36.1915512085
29.6756420135
28.5048809052
24.2991847992
28.169713974
33.4188041687
34.8882675171
28.3841915131
28.857919693
32.972694397
27.0728588104
25.4066009521
39.3964805603
28.9820899963
29.5003547668
32.0311660767
22.4032840729
23.5621776581
21.6269550323
21.5506515503
25.3540458679
24.0958347321
28.2117481232
21.5276908875
24.1333866119
25.4832344055
20.4303703308
22.9649848938
22.413816452
22.4789581299
28.8942604065
24.7773895264
25.9107570648
31.3534049988
20.6146430969
24.9334526062
23.4484443665
17.5439567566
32.6342735291
23.9224491119
21.1984233856
25.3911018372
25.9728984833
18.3756084442
18.1526908875
17.0254058838
16.2146625519
17.5844802856
18.1005439758
17.3364715576
18.2081832886
18.395866394
15.2169132233
16.3294181824
16.0301704407
18.5234928131
15.8994283676
12.8450698853
31.4150409698
13.4575386047
19.4015045166
7.59924602509
13.4128885269
9.11368751526
10.6650905609
11.5537662506
11.0776882172
20.5415019989
13.8875255585
10.471657753
10.485077858
18.4144477844
7.61509132385
6.82831096649
11.9110803604
30.6419334412
10.0501413345
7.10892009735
9.24221134186
9.89318084717
7.47375440598
8.34491252899
27.034318924
11.9608364105
11.2656869888
29.9737892151
8.4521780014
6.74755811691
20.104598999
4.84091424942
8.35791015625
14.1475172043
7.55480146408
16.64868927
21.4224472046
6.65144920349
9.25038719177
6.64930152893
8.8953294754
9.05782413483
14.6453733444
7.70465898514
29.4099998474
10.4731664658
5.17172622681
4.58308887482
5.50597906113
29.2892684937
6.85906553268
7.04870176315
6.89590215683
3.51283693314
5.32260513306
5.20209980011
6.06385183334
14.8480319977
13.7840967178
4.41716480255
4.32698535919
6.029047966
3.46673703194
4.61734008789
5.19973516464
4.06745624542
5.96233081818
4.08117198944
4.10358905792
3.87000751495
2.76092386246
3.50146055222
4.64997816086
5.3371720314
2.99661231041
3.53474283218
29.404417038
12.7245674133
3.35894918442
15.1676826477
7.32772874832
5.16112804413
4.44011974335
16.7191925049
14.0239429474
13.3667049408
17.6376399994
2.97894310951
3.75063943863
4.83023166656
4.63619947433
3.82347083092
30.9084091187
3.64790773392
26.4173965454
5.39151239395
12.5032520294
7.12884569168
13.9120473862
4.56225395203
28.2298774719
3.15714550018
2.19691538811
4.13296365738
31.514169693
28.4364795685
2.17755126953
17.8133602142
2.21077203751
8.61798763275
4.61295032501
4.09794139862
2.68792867661
14.1347055435
2.5023021698
11.6270751953
4.05358600616
27.3541259766
7.80383348465
3.14289450645
3.90418791771
3.88358616829
15.5632181168
2.8744187355
2.32497215271
2.13193273544
17.1003837585
24.6155586243
3.3695833683
2.90786623955
1.85037434101
15.1153469086
3.91398620605
6.11506938934
1.99121236801
2.19118690491
3.84931826591
3.24577116966
2.1858959198
2.1709690094
3.17837429047
18.4185905457
5.14885091782
5.18494987488
2.27626872063
26.8980255127
14.8717050552
6.89068889618
4.97439670563
2.81067752838
3.94944524765
2.05846333504
2.41527533531
22.1894626617
5.32058477402
6.35746479034
2.48934316635
2.73974752426
2.19834208488
3.61691045761
17.2464179993
30.2242622375
2.00358343124
9.82666301727
25.5034236908
5.2172498703
2.7867641449
6.79036998749
3.7636282444
2.64817070961
7.63903188705
2.24383473396
25.6320343018
9.69710540771
13.488325119
5.20924758911
2.76611423492
3.23258519173
1.86574757099
1.51259291172
4.70889043808
28.2579269409
1.70931124687
3.10568761826
14.5602254868
2.95036196709
11.9766492844
16.9063072205
16.0329494476
11.9436702728
3.05719518661
24.3568820953
11.8483972549
17.795583725
2.89288568497
6.32155990601
3.99895787239
27.179058075
26.5931587219
31.4678573608
4.06633329391
3.49236512184
6.6875705719
2.81241703033
3.26579761505
2.36187505722
1.6923429966
1.97719454765
3.51414251328
2.88814306259
3.75717711449
2.6533446312
29.0207424164
31.1170768738
2.33093881607
1.57904887199
2.11998605728
6.2913236618
3.01133275032
16.5567131042
4.22236967087
3.97835183144
2.62390160561
23.4057102203
2.72720360756
2.06740379333
19.5697555542
7.9296040535
2.35664486885
31.9466571808
1.81666302681
32.1662445068
2.82377743721
2.73054265976
2.98258399963
7.95294618607
7.51227045059
3.48013710976
7.09776973724
22.6642475128
19.0189399719
4.65596199036
3.58727788925
20.8121185303
2.66873145103
16.1266384125
17.667804718
3.34028601646
1.66353595257
28.914270401
15.168715477
13.4744625092
1.94207179546
2.98142361641
25.6893768311
11.5916671753
3.15421009064
2.74846673012
7.675593853
2.62100291252
