-245.716003418
-260.563415527
-277.01272583
-272.438598633
-262.712554932
-234.506118774
-261.44619751
-216.978973389
-238.3072052
-254.934906006
-279.41607666
-247.153182983
-214.949157715
-256.338653564
-265.062011719
-224.479705811
-251.835449219
-232.841842651
-229.247848511
-257.169525146
-234.058029175
-234.53326416
-203.132949829
-243.316741943
-254.492401123
-260.245941162
-224.829193115
-263.936431885
-276.370056152
-236.687713623
-248.1353302
-251.981079102
-274.39440918
-242.532501221
-251.385177612
-251.185821533
-239.872436523
-242.349395752
-225.23260498
-236.716827393
-269.06463623
-243.480926514
-235.66796875
-282.647979736
-251.265808105
-225.632476807
-266.295379639
-242.503295898
-279.297210693
-234.470001221
-223.954742432
-225.63911438
-249.802520752
-246.813751221
-242.957000732
-276.852142334
-225.814178467
-246.498916626
-228.958129883
-262.069396973
-267.156677246
-257.137817383
-266.27243042
-247.911727905
-243.899978638
-245.098709106
-225.686416626
-242.262252808
-222.694381714
-280.924957275
-218.6144104
-236.28805542
-256.456695557
-259.93951416
-226.277069092
-252.705917358
-215.936355591
-216.407913208
-221.595001221
-225.401123047
-221.1300354
-256.007263184
-204.821365356
-246.253555298
-237.973846436
-222.791412354
-230.940948486
-241.71546936
-267.425506592
-238.187316895
-262.618286133
-251.140823364
-235.715698242
-261.403625488
-260.121734619
-253.852203369
-241.984725952
-234.156814575
-243.296676636
-235.667633057
-228.144958496
-230.074981689
-210.589782715
-260.646179199
-237.841903687
-234.3540802
-241.19329834
-262.040527344
-217.596252441
-235.272445679
-244.778137207
-214.976898193
-232.715881348
-256.238922119
-230.070083618
-245.48878479
-228.146179199
-245.905578613
-251.784744263
-221.788467407
-233.212509155
-267.254241943
-233.204193115
-233.807647705
-235.914260864
-253.459228516
-231.579360962
-248.158218384
-239.305007935
-220.611938477
-218.732177734
-253.626586914
-249.04498291
-217.318328857
-237.719940186
-229.183914185
-234.920028687
-213.113388062
-236.834899902
-232.292495728
-214.67767334
-265.458984375
-247.23109436
-249.313262939
-236.737869263
-222.81628418
-219.818557739
-213.728042603
-232.073684692
-238.237701416
-254.950057983
-215.56590271
-221.021072388
-227.749099731
-234.776992798
-244.211029053
-230.720626831
-221.874099731
-237.937149048
-227.16734314
-237.380020142
-222.634384155
-211.200683594
-229.10446167
-213.231262207
-241.810913086
-233.310409546
-235.430511475
-237.76524353
-238.392944336
-235.423522949
-227.898483276
-238.55696106
-250.005065918
-246.69859314
-242.142349243
-206.168518066
-241.224777222
-218.095718384
-233.241531372
-251.508087158
-256.205291748
-198.320632935
-232.313964844
-223.35093689
-260.698242188
-242.2081604
-260.568389893
-248.121948242
-227.153488159
-243.284957886
-233.347900391
-241.269470215
-248.681350708
-215.333892822
-219.047790527
-234.379501343
-214.657455444
-244.016845703
-232.88710022
-237.985870361
-226.431976318
-249.915084839
-228.679916382
-248.946350098
-219.205703735
-211.987609863
-232.061126709
-222.952148438
-233.766860962
-215.982376099
-243.307952881
-254.840377808
-225.314437866
-217.586807251
-244.916778564
-230.819580078
-220.429367065
-220.30305481
-221.100616455
-227.009490967
-233.830886841
-231.250152588
-222.53527832
-212.941955566
-210.429412842
-228.272293091
-236.39515686
-237.150344849
-254.435821533
-235.975158691
-227.328216553
-245.706695557
-245.798828125
-234.928466797
-242.459686279
-236.687179565
-209.223464966
-227.929214478
-236.531524658
-217.036941528
-232.00541687
-246.651123047
-221.187530518
-227.49256897
-223.692489624
-250.055450439
-200.55657959
-228.390563965
-234.788619995
-263.065643311
-264.910369873
-243.399978638
-202.475036621
-239.105987549
-259.535186768
-221.718612671
-243.669815063
-242.35144043
-229.456176758
-258.201538086
-269.783477783
-236.404388428
-241.681625366
-208.383178711
-215.52355957
-219.017288208
-206.501800537
-252.013061523
-221.632614136
-245.590911865
-217.264221191
-214.680343628
-241.435821533
-236.545913696
-229.360244751
-248.198959351
-232.018844604
-225.135009766
-253.56892395
-223.817260742
-232.915863037
-226.657455444
-230.389831543
-201.713699341
-201.061233521
-219.048858643
-259.662872314
-232.383056641
-254.156173706
-253.252548218
-258.206695557
-238.860137939
-245.235137939
-253.488952637
-246.169219971
-254.457199097
-239.746139526
-225.450454712
-238.237487793
-227.934143066
-249.451889038
-201.73034668
-221.317153931
-212.92074585
-210.386703491
-205.793395996
-218.245071411
-255.630325317
-224.987304688
-237.892272949
-220.444854736
-219.266647339
-237.549285889
-198.564666748
-231.448883057
-219.522506714
-231.538818359
-259.44430542
-238.293701172
-259.099517822
-215.875167847
-223.532058716
-228.859817505
-238.32208252
-258.768310547
-244.579193115
-226.684158325
-215.163513184
-223.48085022
-220.71786499
-232.180480957
-239.381896973
-231.976699829
-237.564193726
-238.590423584
-250.400161743
-198.545806885
-234.433654785
-243.229949951
-228.346221924
-248.779724121
-209.544433594
-216.225341797
-247.212783813
-238.138565063
-249.44720459
-211.086883545
-206.359786987
-243.327331543
-243.74319458
-254.322891235
-234.740447998
-219.344314575
-238.461700439
-207.758132935
-239.209335327
-216.118469238
-267.108123779
-241.185775757
-246.893264771
-225.205444336
-237.700271606
-212.813964844
-211.362716675
-222.344711304
-237.284805298
-214.44203186
-239.492111206
-255.147766113
-232.323150635
-229.263504028
-248.75138855
-236.282684326
-222.075042725
-235.273864746
-232.986923218
-243.302963257
-214.270645142
-201.979995728
-228.46446228
-220.916656494
-235.842697144
-261.27355957
-259.209655762
-232.170593262
-234.837844849
-237.61126709
-235.500518799
-245.418746948
-224.577423096
-227.036392212
-216.012329102
-235.062667847
-225.952301025
-221.023361206
-253.224945068
-221.841659546
-252.538375854
-241.611053467
