-88.99083709716797
-89.59806823730469
-88.09233093261719
-88.96400451660156
-88.3556900024414
-89.89634704589844
-87.6135025024414
-89.4284439086914
-88.61779022216797
-88.48284149169922
-88.18436431884766
-89.44844055175781
-88.27528381347656
-88.65100860595703
-88.41685485839844
-89.44908905029297
-87.74128723144531
-88.81387329101562
-88.25274658203125
-88.2436294555664
-88.00261688232422
-89.07742309570312
-87.52001953125
-88.47911834716797
-87.95454406738281
-88.98919677734375
-87.17619323730469
-88.35682678222656
-87.79292297363281
-88.11457824707031
-87.5275650024414
-88.91769409179688
-87.43761444091797
-88.43301391601562
-87.52860260009766
-88.77233123779297
-87.06473541259766
-88.4942855834961
-87.50564575195312
-87.89752960205078
-87.51034545898438
-88.21703338623047
-87.74183654785156
-87.9748764038086
-87.4326400756836
-88.8320541381836
-86.72205352783203
-87.34680938720703
-87.0992660522461
-87.41639709472656
-86.9462661743164
-88.01427459716797
-86.59428405761719
-87.99190521240234
-87.25792694091797
-88.47447204589844
-86.54669189453125
-87.7701187133789
-86.9838638305664
-87.15148162841797
-86.77159881591797
-87.84828186035156
-86.87645721435547
-87.45158386230469
-87.15868377685547
-88.2911605834961
-86.374267578125
-87.50428771972656
-86.87189483642578
-87.16918182373047
-86.58462524414062
-87.56121826171875
-86.74059295654297
-87.68988037109375
-86.92198181152344
-87.87185668945312
-86.33995819091797
-87.38424682617188
-86.7271957397461
-86.65076446533203
-86.52371978759766
-87.5544662475586
-86.40506744384766
-86.82577514648438
-87.04341888427734
-87.76913452148438
-85.95804595947266
-86.79304504394531
-86.77799987792969
-86.81932830810547
-86.3366470336914
-87.44224548339844
-86.17214965820312
-86.86553955078125
-86.62966918945312
-87.79373931884766
-85.82669067382812
-86.89781188964844
-86.48229217529297
-86.63334655761719
-86.21102905273438
-87.09092712402344
-86.21837615966797
-86.8062973022461
-86.51596069335938
-87.74508666992188
-86.0869369506836
-86.74596405029297
-86.48727416992188
-86.68111419677734
-86.27926635742188
-86.8492202758789
-86.14554595947266
-86.86996459960938
-86.13856506347656
-87.64530944824219
-85.73475646972656
-87.03086853027344
-86.52123260498047
-86.6341781616211
-85.7231216430664
-86.66915130615234
-85.77407836914062
-86.73995208740234
-85.900634765625
-87.6762924194336
-85.85266876220703
-86.76576232910156
-86.36017608642578
-86.36405181884766
-86.07530212402344
-86.7700424194336
-85.93273162841797
-86.59424591064453
-86.16813659667969
-87.60110473632812
-85.34759521484375
-86.67455291748047
-86.3012466430664
-86.2460708618164
-86.07645416259766
-86.93394470214844
-85.81592559814453
-86.43009948730469
-86.43952941894531
-86.87488555908203
-84.9003677368164
-86.6084976196289
-85.64020538330078
-86.21770477294922
-86.123291015625
-86.72868347167969
-85.79572296142578
-86.61400604248047
-85.97840118408203
-87.11768341064453
-85.1010971069336
-86.36990356445312
-86.02072143554688
-86.328857421875
-85.86157989501953
-86.47189331054688
-85.72079467773438
-86.63995361328125
-86.20654296875
-87.36773681640625
-85.37091827392578
-86.02144622802734
-85.9397964477539
-86.01911926269531
-85.81462097167969
-86.84294891357422
-85.6844711303711
-86.51394653320312
-85.96321105957031
-87.19781494140625
-85.41165161132812
-86.41241455078125
-85.86334991455078
-86.10114288330078
-85.78060913085938
-86.74407958984375
-85.54566192626953
-86.49853515625
-86.12371063232422
-86.88883972167969
-85.3671875
-86.4291000366211
-85.87799835205078
-86.11620330810547
-85.73422241210938
-86.36848449707031
-85.44964599609375
-86.28844451904297
-85.8888168334961
-86.93838500976562
-85.3811264038086
-86.41293334960938
-85.97203826904297
-85.83604431152344
-85.67288970947266
-86.50263977050781
-85.19064331054688
-86.40168762207031
-85.93692016601562
-87.07644653320312
-85.16319274902344
-86.23772430419922
-86.13793182373047
-85.97531127929688
-85.5029067993164
-86.62884521484375
-85.70064544677734
-86.41857147216797
-85.54826354980469
-87.09075164794922
-85.01496887207031
-86.1816177368164
-85.9678726196289
-86.11726379394531
-85.67601776123047
-86.59674835205078
-85.70189666748047
-86.07353210449219
-85.6135025024414
-86.96955108642578
-85.23295593261719
-86.0929946899414
-85.95503997802734
-85.7631607055664
-85.42901611328125
-86.51377868652344
-85.35746765136719
-86.38313293457031
-85.9044418334961
-87.00216674804688
-85.0546646118164
-85.86297607421875
-85.65078735351562
-85.84576416015625
-85.73377227783203
-86.50375366210938
-85.62066650390625
-86.28408813476562
-85.9310531616211
-86.78530883789062
-85.31107330322266
-86.2916030883789
-85.61747741699219
-86.05416107177734
-85.39326477050781
-86.68262481689453
-85.36774444580078
-86.41307830810547
-85.55266571044922
-86.83969116210938
-84.9360580444336
-86.18698120117188
-85.56005096435547
-85.91548919677734
-85.62434387207031
-86.55750274658203
-85.45404052734375
-86.00592041015625
-85.7426986694336
-86.85514831542969
-85.21684265136719
-85.9624252319336
-85.88678741455078
-85.7516860961914
-85.27469635009766
-86.65005493164062
-85.69866943359375
-86.35711669921875
-85.83599853515625
-87.16807556152344
-84.91923522949219
-86.34906005859375
-85.58731079101562
-85.98973846435547
-85.47395324707031
-86.5094223022461
-85.51591491699219
-86.05622100830078
-85.56048583984375
-86.66021728515625
-84.75624084472656
-86.10623931884766
-85.59302520751953
-85.84606170654297
-85.55187225341797
-86.47601318359375
-85.52621459960938
-86.10289764404297
-85.60417938232422
-86.56697082519531
-84.98252868652344
-86.56822204589844
-85.66801452636719
-85.89773559570312
-85.28256225585938
-86.6561508178711
-85.43181610107422
-85.98091125488281
-85.47048950195312
-86.75823974609375
-85.04283905029297
-86.38536071777344
-85.84259033203125
-85.81532287597656
-85.36188507080078
-86.41773223876953
-85.43881225585938
-86.15290069580078
-85.68962097167969
-86.82579040527344
-85.08685302734375
-86.27803039550781
-85.4875717163086
-85.81110382080078
-85.49512481689453
-86.269287109375
-85.6207046508789
-86.08241271972656
-85.61376953125
-86.8238754272461
-84.94406127929688
-85.9655990600586
-85.57515716552734
-85.80239868164062
-85.4956283569336
-86.32275390625
-85.38839721679688
-85.84314727783203
-85.55492401123047
-87.03742218017578
-85.17390441894531
-86.3296890258789
-85.72636413574219
-85.66252136230469
-85.4902572631836
-86.31238555908203
-85.4582290649414
-86.1576919555664
-85.70915985107422
-86.75310516357422
-84.94659423828125
-86.30670928955078
-85.77625274658203
-85.72248077392578
-85.38705444335938
-86.30532836914062
-85.5901870727539
-86.1595687866211
-85.70005798339844
-86.73953247070312
-84.65798950195312
-86.0804214477539
-85.44253540039062
-85.91504669189453
-85.23392486572266
-86.33719635009766
-85.4606704711914
-86.19280242919922
-85.5736312866211
-86.87308502197266
-85.18170166015625
