17.908069610595703
17.363433837890625
17.566001892089844
18.384571075439453
17.29206657409668
17.484270095825195
18.11435890197754
17.745805740356445
17.541549682617188
16.879844665527344
17.468948364257812
17.011310577392578
16.322715759277344
17.57377815246582
16.567771911621094
16.758420944213867
16.273561477661133
17.082324981689453
17.516956329345703
16.17059898376465
16.50703239440918
15.062979698181152
16.225894927978516
16.308597564697266
15.949958801269531
15.636195182800293
15.887799263000488
14.992937088012695
16.077457427978516
14.723594665527344
15.657937049865723
14.8283109664917
15.645413398742676
15.396042823791504
15.12181282043457
15.0071439743042
15.225750923156738
14.601584434509277
14.977115631103516
14.124682426452637
14.986977577209473
14.326412200927734
13.994187355041504
15.216635704040527
14.292681694030762
13.618433952331543
14.572951316833496
14.691932678222656
14.987203598022461
14.212170600891113
13.9450044631958
13.608663558959961
14.811043739318848
14.091261863708496
13.500319480895996
13.081498146057129
13.799102783203125
13.221722602844238
13.832023620605469
13.06110954284668
13.244362831115723
12.698594093322754
13.217612266540527
13.521081924438477
12.75332260131836
12.899188041687012
13.2515287399292
12.289122581481934
13.2859468460083
12.015061378479004
13.154112815856934
12.718286514282227
12.532463073730469
12.479924201965332
11.843178749084473
12.290109634399414
12.293978691101074
11.838884353637695
12.567767143249512
12.133825302124023
12.592909812927246
11.827117919921875
11.946430206298828
12.903502464294434
11.544981956481934
11.822601318359375
12.294386863708496
11.754913330078125
11.752933502197266
11.351009368896484
12.085779190063477
11.604676246643066
11.980127334594727
12.412622451782227
11.506799697875977
11.32244873046875
11.554795265197754
11.524648666381836
11.735978126525879
11.133688926696777
11.750018119812012
11.31025505065918
11.387545585632324
11.79261589050293
10.963239669799805
11.267538070678711
10.652052879333496
10.88046646118164
11.040553092956543
10.853681564331055
11.478906631469727
11.087183952331543
11.00184440612793
11.274433135986328
11.14687728881836
11.095937728881836
10.777804374694824
10.327054023742676
11.026996612548828
10.08073616027832
11.446130752563477
11.381142616271973
11.292737007141113
11.26333999633789
10.957694053649902
10.488786697387695
10.612526893615723
10.3358736038208
11.369986534118652
10.452064514160156
10.82857894897461
10.666661262512207
10.195480346679688
11.207716941833496
10.43902587890625
10.315991401672363
10.483246803283691
10.366765975952148
10.790496826171875
10.106719017028809
10.714273452758789
9.890667915344238
10.696738243103027
10.851943016052246
9.987091064453125
11.091081619262695
10.755664825439453
10.146227836608887
11.477365493774414
10.15007495880127
10.818940162658691
10.613977432250977
10.60303020477295
11.244853973388672
10.330985069274902
10.470956802368164
10.209124565124512
10.492483139038086
10.853039741516113
9.360407829284668
10.884751319885254
10.056747436523438
10.609158515930176
10.489476203918457
10.246633529663086
10.374813079833984
9.947992324829102
10.863280296325684
10.677691459655762
10.451459884643555
11.468957901000977
10.162825584411621
10.153205871582031
10.895798683166504
10.142997741699219
10.738173484802246
10.107275009155273
10.093954086303711
10.86938762664795
10.09314250946045
10.829694747924805
10.483116149902344
10.93484115600586
10.767068862915039
10.196345329284668
10.937949180603027
10.079362869262695
10.345632553100586
11.047248840332031
10.341926574707031
11.155238151550293
10.2933988571167
10.974578857421875
11.057761192321777
10.728582382202148
10.766287803649902
10.096513748168945
10.094282150268555
10.985207557678223
10.297093391418457
10.553929328918457
10.627928733825684
10.897791862487793
10.919890403747559
10.487946510314941
10.883659362792969
10.497381210327148
10.588338851928711
10.570173263549805
10.540597915649414
11.330345153808594
10.172715187072754
10.543929100036621
11.049382209777832
10.50403118133545
10.81643295288086
10.39447021484375
10.612096786499023
11.021476745605469
10.433450698852539
11.1646728515625
10.379573822021484
10.752379417419434
11.611459732055664
10.92645263671875
10.895608901977539
10.429455757141113
10.803771018981934
10.659579277038574
11.189044952392578
11.120311737060547
11.000329971313477
11.056188583374023
11.14430046081543
10.762358665466309
10.695778846740723
10.578535079956055
10.527749061584473
10.993305206298828
10.727128982543945
11.895842552185059
10.631214141845703
11.07478141784668
11.119112968444824
10.705810546875
11.090933799743652
10.244070053100586
10.710620880126953
11.598065376281738
10.989463806152344
11.437427520751953
10.606968879699707
11.256717681884766
11.523035049438477
11.239174842834473
11.095148086547852
11.375309944152832
10.555071830749512
11.640176773071289
10.985321044921875
11.8184175491333
10.725912094116211
11.539648056030273
11.629799842834473
11.297242164611816
11.508316993713379
10.800676345825195
10.9901762008667
11.448758125305176
10.705144882202148
11.829302787780762
10.524584770202637
11.54395866394043
11.765789031982422
11.234082221984863
10.799243927001953
11.074902534484863
10.667703628540039
11.576027870178223
11.612112045288086
11.709938049316406
11.139875411987305
11.927591323852539
11.709176063537598
11.950331687927246
11.498112678527832
11.151350975036621
11.255881309509277
11.241072654724121
10.942634582519531
12.100556373596191
10.673315048217773
11.707021713256836
12.285382270812988
11.221092224121094
11.826459884643555
10.709794998168945
10.541142463684082
11.598267555236816
11.216547012329102
12.357601165771484
11.482934951782227
11.767250061035156
12.257165908813477
11.944584846496582
12.058479309082031
11.196202278137207
10.981463432312012
11.642963409423828
11.665050506591797
12.282831192016602
11.438824653625488
12.105812072753906
12.281744003295898
11.356612205505371
11.888647079467773
11.252284049987793
11.209756851196289
12.250438690185547
11.251683235168457
11.833566665649414
11.571237564086914
12.27929401397705
11.851946830749512
11.792328834533691
11.761466026306152
11.769896507263184
11.410408973693848
12.647069931030273
11.762480735778809
12.415322303771973
11.433943748474121
12.587563514709473
12.456226348876953
11.754639625549316
11.750910758972168
11.309481620788574
11.328736305236816
12.521944999694824
11.996129989624023
12.374101638793945
11.935269355773926
11.955068588256836
11.679686546325684
12.065439224243164
12.162250518798828
11.4524507522583
11.132418632507324
12.149916648864746
11.392766952514648
12.363402366638184
11.84699821472168
12.1978759765625
11.73292350769043
11.58799934387207
12.027127265930176
11.920254707336426
11.903071403503418
12.475546836853027
11.595854759216309
12.710494041442871
12.108135223388672
11.934673309326172
12.212818145751953
11.761649131774902
12.221165657043457
11.084355354309082
