-340.957061768
-310.305725098
-314.359466553
-311.03137207
-350.22479248
-326.141876221
-323.465515137
-324.50402832
-309.432281494
-309.13961792
-299.448883057
-307.55456543
-327.747619629
-280.079559326
-289.303436279
-331.66885376
-304.035064697
-329.094055176
-321.872711182
-275.093719482
-287.2265625
-321.636505127
-331.17010498
-287.146881104
-294.839569092
-328.099975586
-349.026367188
-289.551574707
-347.11831665
-292.198791504
-302.554046631
-308.436096191
-312.802368164
-299.220031738
-328.755493164
-300.634277344
-307.943725586
-319.500335693
-295.806762695
-304.025115967
-279.602355957
-310.473968506
-342.085021973
-290.114807129
-338.84463501
-319.869384766
-306.954345703
-303.91998291
-283.408325195
-326.745880127
-330.629760742
-306.456268311
-332.033782959
-272.404449463
-292.945892334
-308.946563721
-318.156188965
-304.447601318
-296.630981445
-330.737854004
-302.604156494
-284.788635254
-296.549743652
-328.251342773
-326.945556641
-339.958557129
-333.271026611
-331.480010986
-337.489349365
-286.09161377
-311.420196533
-319.340881348
-311.244842529
-318.021209717
-331.504852295
-285.225250244
-313.884368896
-289.186126709
-282.622467041
-315.314086914
-339.448242188
-340.337738037
-299.576049805
-304.785797119
-336.774475098
-345.234588623
-308.636535645
-323.851318359
-287.736083984
-295.294036865
-292.539367676
-288.116912842
-303.7628479
-329.949554443
-308.124755859
-331.665863037
-323.323455811
-312.689819336
-296.147186279
-297.722167969
-295.650238037
-300.81652832
-296.569549561
-293.292358398
-312.64944458
-334.026428223
-290.415710449
-334.236816406
-296.814605713
-330.620819092
-344.385742188
-316.515838623
-331.832672119
-323.734191895
-288.682556152
-295.48638916
-312.153869629
-293.282836914
-315.728485107
-315.208831787
-290.722351074
-355.57144165
-290.895294189
-319.822235107
-318.425994873
-321.155273438
-287.560852051
-314.924987793
-288.07711792
-319.898101807
-296.388824463
-299.880462646
-302.718078613
-339.048431396
-323.976715088
-302.252807617
-298.135681152
-337.470825195
-302.347290039
-292.757843018
-296.756317139
-293.683807373
-323.990142822
-327.872161865
-292.965209961
-282.557189941
-319.970123291
-283.281463623
-311.242523193
-323.758422852
-320.742401123
-324.11605835
-320.386413574
-304.116912842
-304.434631348
-297.932434082
-321.77444458
-320.55291748
-290.93762207
-317.897003174
-351.725341797
-345.833648682
-298.960021973
-304.355316162
-306.89364624
-339.239624023
-289.650054932
-317.627166748
-301.394683838
-291.927276611
-308.775146484
-338.400634766
-318.143463135
-328.810150146
-299.529052734
-292.187652588
-323.072387695
-312.706085205
-326.619445801
-328.858398438
-296.639587402
-321.109863281
-305.475952148
-342.362701416
-318.007781982
-323.475616455
-340.075958252
-286.190429688
-302.219390869
-304.642333984
-296.108276367
-305.524780273
-297.797058105
-303.847076416
-332.910430908
-336.516326904
-289.555114746
-293.563934326
-332.706665039
-285.463562012
-307.468353271
-332.977966309
-302.339508057
-353.488616943
-312.023468018
-316.708129883
-283.766815186
-274.463745117
-294.948974609
-302.38092041
-279.176727295
-324.72052002
-306.920074463
-313.227355957
-324.767211914
-321.672515869
-313.441986084
-337.860809326
-309.3203125
-309.81060791
-296.025665283
-321.555206299
-325.753265381
-319.837493896
-286.262939453
-312.851135254
-301.765014648
-278.476165771
-285.23336792
-307.692199707
-322.887756348
-318.091796875
-302.330596924
-306.721557617
-306.549957275
-301.297149658
-337.491271973
-281.494598389
-319.301208496
-321.501617432
-290.920043945
-302.031860352
-316.979766846
-303.545257568
-292.086486816
-323.891204834
-305.146728516
-305.577941895
-331.688232422
-314.651123047
-302.202697754
-327.001922607
-287.960845947
-302.437652588
-288.726959229
-280.827850342
-328.118713379
-331.231994629
-299.855072021
-314.936065674
-322.114501953
-312.069641113
-334.691131592
-295.729949951
-298.43838501
-290.476013184
-322.063262939
-330.146759033
-309.372528076
-288.33102417
-300.236114502
-319.031921387
-331.603668213
-340.127319336
-289.272949219
-336.358184814
-294.289550781
-281.687988281
-288.722259521
-290.787109375
-323.533569336
-302.276550293
-284.556091309
-292.70489502
-296.116394043
-329.798431396
-342.783416748
-317.353057861
-322.614013672
-299.465820312
-299.097595215
-283.281555176
-303.547576904
-339.276275635
-287.03414917
-271.683746338
-278.356842041
-304.922943115
-334.141723633
-346.168701172
-299.85723877
-338.690734863
-332.654205322
-312.645019531
-311.294677734
-319.703948975
-298.330627441
-315.735534668
-297.455078125
-333.195953369
-302.194732666
-314.070465088
-305.211029053
-287.498535156
-317.679718018
-299.920227051
-322.292541504
-281.872711182
-312.45791626
-288.305511475
-350.520935059
-327.802459717
-309.12487793
-324.136199951
-276.793426514
-308.105010986
-320.577850342
-299.28805542
-295.443359375
-314.402038574
-306.727172852
-281.31060791
-286.546813965
-297.823638916
-293.422821045
-309.717193604
-276.755950928
-317.644744873
-325.593078613
-301.321105957
-320.471893311
-333.752105713
-334.278961182
-284.170837402
-305.402526855
-302.728118896
-281.937927246
-329.649383545
-353.086029053
-301.480194092
-318.310668945
-278.521057129
-317.588226318
-268.874664307
-325.606506348
-301.855255127
-303.749511719
-325.390625
-296.553741455
-320.691864014
-316.252868652
-299.621429443
-288.060943604
-324.150390625
-315.374938965
-325.510162354
-333.807495117
-289.428833008
-323.552093506
-293.722900391
-312.423583984
-324.051513672
-307.195068359
-347.298858643
-299.581726074
-279.446594238
-290.853851318
-293.481750488
-332.429534912
-341.053039551
-326.191070557
-292.860046387
-313.054840088
-316.829376221
-305.585510254
-280.296051025
-332.812896729
-294.905456543
-333.714355469
-303.453125
-291.497436523
-306.145721436
-301.365997314
-313.71697998
-317.210174561
-316.332763672
-321.813995361
-267.408416748
-296.596801758
-307.612792969
