-243.071594238
-251.399276733
-238.403930664
-214.431793213
-244.086196899
-243.315643311
-268.303955078
-265.37512207
-266.987701416
-244.266586304
-244.785552979
-250.860946655
-238.077407837
-271.702514648
-245.459762573
-244.446853638
-276.677520752
-246.715164185
-247.669296265
-244.427963257
-268.855895996
-260.708190918
-276.818389893
-248.756652832
-209.707565308
-224.751327515
-268.878479004
-258.065551758
-279.038360596
-251.123199463
-231.826461792
-208.952285767
-236.499511719
-288.455200195
-278.78793335
-250.996566772
-233.237426758
-266.935852051
-243.436325073
-218.435455322
-218.988342285
-266.53225708
-257.107879639
-291.91506958
-211.347625732
-248.58984375
-246.744003296
-225.744766235
-227.629730225
-238.874130249
-241.192596436
-240.148422241
-217.167816162
-221.147842407
-211.862854004
-231.684585571
-248.640930176
-225.835006714
-246.549057007
-239.471832275
-235.885391235
-245.938690186
-233.685424805
-235.813644409
-220.289123535
-225.747940063
-281.872833252
-245.955795288
-242.308273315
-236.747955322
-242.034072876
-253.754699707
-243.545730591
-262.711639404
-247.194656372
-263.651519775
-248.479309082
-210.600875854
-250.074768066
-273.254974365
-256.203460693
-201.386703491
-210.084213257
-251.691390991
-247.382476807
-242.605178833
-230.293136597
-278.138671875
-245.321487427
-217.505111694
-209.043365479
-257.705352783
-201.651626587
-226.178237915
-250.05406189
-225.537780762
-216.257415771
-247.304321289
-240.707458496
-207.368499756
-219.147598267
-261.208496094
-274.964324951
-251.364944458
-236.346191406
-240.684616089
-227.134002686
-233.994445801
-222.197631836
-251.818496704
-235.824554443
-235.007492065
-223.880203247
-238.592193604
-213.891677856
-217.837234497
-261.106933594
-262.892913818
-221.124923706
-232.990356445
-272.836242676
-262.945800781
-262.733825684
-227.978683472
-238.599304199
-256.965576172
-235.865768433
-243.876754761
-252.034133911
-268.552703857
-270.546264648
-237.857208252
-251.207046509
-234.548736572
-212.057861328
-251.64831543
-238.634963989
-246.593170166
-218.106933594
-230.161102295
-246.127975464
-217.096130371
-225.971588135
-245.53578186
-251.069610596
-232.379867554
-220.115829468
-224.494750977
-271.624420166
-212.618972778
-250.84992981
-251.302261353
-257.895965576
-223.732223511
-238.16569519
-244.911819458
-241.767181396
-248.549209595
-215.814743042
-236.412338257
-234.195251465
-246.345718384
-233.4740448
-228.55090332
-233.262908936
-259.16583252
-231.321044922
-234.465408325
-234.731628418
-247.370666504
-215.167892456
-215.250717163
-245.803833008
-227.465774536
-230.772659302
-243.429946899
-244.3072052
-268.801330566
-237.75050354
-250.790756226
-249.987930298
-231.837112427
-211.759979248
-217.663360596
-228.448043823
-249.811340332
-246.709884644
-206.072753906
-224.065032959
-243.136962891
-232.660369873
-210.462921143
-239.948867798
-227.174880981
-227.576324463
-254.613327026
-248.277770996
-233.649536133
-227.987548828
-230.490097046
-213.173217773
-213.447097778
-243.070877075
-233.619262695
-247.051605225
-233.835388184
-241.758636475
-247.983627319
-240.346954346
-222.55619812
-236.725585938
-248.379608154
-233.254257202
-209.860961914
-218.532241821
-207.164321899
-262.008789062
-236.781509399
-244.031951904
-231.318283081
-213.902099609
-255.054870605
-217.424224854
-204.468795776
-251.141021729
-213.210540771
-231.587799072
-217.811782837
-239.479415894
-247.659225464
-272.085479736
-218.670852661
-220.130264282
-223.060165405
-213.393264771
-215.187835693
-228.028106689
-241.778564453
-240.617263794
-229.141448975
-201.654983521
-262.376647949
-226.72845459
-225.631668091
-231.834030151
-231.180740356
-213.216110229
-244.83380127
-247.026184082
-224.271972656
-234.842453003
-234.28755188
-228.526947021
-224.962615967
-216.445083618
-219.039978027
-236.165634155
-244.653945923
-240.21081543
-233.397857666
-257.545379639
-241.27015686
-230.809356689
-234.215393066
-241.809082031
-224.271316528
-221.617599487
-216.535583496
-237.81439209
-244.532806396
-233.905914307
-254.528900146
-229.027755737
-241.91696167
-238.970535278
-251.633407593
-227.108261108
-242.84552002
-237.202774048
-248.792755127
-223.817733765
-242.538589478
-260.046661377
-230.513870239
-214.657546997
-241.18119812
-222.214828491
-241.153900146
-229.662490845
-230.598312378
-231.331375122
-256.28125
-260.713897705
-194.744766235
-223.286651611
-274.062042236
-262.295013428
-225.111221313
-242.051605225
-236.598434448
-249.949035645
-217.535644531
-232.779022217
-254.269500732
-246.978713989
-245.545791626
-229.565811157
-243.758331299
-204.526885986
-221.39112854
-244.034713745
-248.244735718
-252.300750732
-225.853530884
-235.128295898
-235.858413696
-229.901763916
-219.676971436
-224.084381104
-235.716903687
-238.163665771
-249.017349243
-239.142730713
-220.284896851
-242.681793213
-241.121154785
-239.910003662
-231.939071655
-254.558425903
-234.342559814
-252.376464844
-217.661956787
-253.948425293
-230.124206543
-219.626403809
-220.898330688
-220.300689697
-217.834854126
-238.179214478
-236.563293457
-253.480697632
-236.60333252
-234.861618042
-239.090148926
-219.536575317
-210.241622925
-252.370056152
-259.65234375
-207.797103882
-235.560882568
-216.731338501
-216.152938843
-240.720474243
-210.555603027
-246.508728027
-228.20123291
-213.130096436
-230.121109009
-229.853424072
-227.710983276
-243.163772583
-234.919891357
-237.427612305
-236.906600952
-222.23916626
-229.568252563
-234.952774048
-217.389099121
-248.75881958
-213.600540161
-263.617919922
-217.809341431
-247.758789062
-203.2265625
-223.478622437
-220.527770996
-196.20703125
-257.074951172
-206.166610718
-244.731460571
-247.023803711
-226.188690186
-227.433624268
-246.797836304
-218.827087402
-213.491714478
-253.342666626
-207.893447876
-234.999008179
-205.706497192
-237.764923096
-240.078643799
-211.193832397
-243.620407104
-254.926376343
-251.616073608
-219.786941528
-216.655334473
-238.186737061
-262.296478271
