29.7746429443
46.8642883301
41.4848518372
24.5106983185
29.3184928894
36.5627288818
36.5372161865
31.7837524414
38.9188804626
35.4203338623
33.6071662903
35.8768005371
33.0566444397
43.1496353149
40.9477920532
29.2075195312
44.6339874268
39.8927841187
29.8907699585
31.1262493134
35.1019020081
34.2974433899
40.5209312439
40.7627296448
25.3947257996
27.8849601746
30.1592254639
27.0832977295
44.5104866028
36.108039856
32.9921798706
26.4209651947
33.9529075623
34.4567489624
26.8052444458
28.1762695312
26.314825058
44.7147445679
36.6835136414
22.530834198
22.1111717224
30.4225196838
32.485912323
31.7325210571
24.3331489563
34.1765174866
28.4673404694
23.507900238
25.5442962646
23.5247344971
30.8788261414
22.9029960632
23.8206710815
18.3127193451
23.5925521851
31.4579486847
23.2061710358
29.7626838684
25.1991329193
26.6592578888
23.0506916046
33.1431274414
23.146490097
21.9899959564
20.0599861145
22.1668586731
26.9084758759
34.6969833374
25.4276046753
27.1781272888
25.3899040222
25.0552444458
23.2724552155
34.0087242126
29.9610652924
30.7934856415
22.8790225983
19.0462398529
24.2005443573
34.1945304871
27.4496021271
19.8004436493
17.5892906189
23.9486236572
30.4280128479
31.3385887146
21.7677898407
39.454826355
15.9461631775
19.6250343323
18.1721115112
22.5880279541
16.4248962402
29.0368995667
32.2745742798
21.9781074524
24.7687835693
33.5862197876
18.8987770081
16.9294376373
16.5153007507
20.2069282532
33.46276474
26.1274738312
18.8495235443
18.281621933
17.9175605774
22.7879295349
20.4145565033
20.2747459412
24.4079055786
20.6219406128
27.2495803833
22.6117210388
16.6557788849
14.0380859375
32.5686187744
15.5773353577
16.2660236359
15.3748779297
22.0972900391
17.5108604431
14.1836862564
19.5755805969
15.5546140671
18.9292507172
18.7429218292
15.385512352
17.2953681946
17.4104537964
26.552980423
19.2190742493
16.0572490692
14.7956027985
11.6983366013
19.1332702637
17.0945568085
17.5792789459
17.0627231598
18.3480968475
14.7559909821
16.4489212036
14.1444654465
20.6607990265
12.686542511
17.5849533081
16.7303752899
10.1695623398
25.1034221649
12.7817325592
14.7289457321
12.5825891495
21.3736114502
12.9284534454
15.7010097504
13.4073457718
11.7217903137
13.0399522781
15.443769455
13.6794958115
39.4011001587
14.6987962723
16.0987911224
35.4678268433
11.1763534546
11.6311511993
8.12921714783
10.0327186584
14.0738048553
23.2873859406
8.81946086884
12.1176872253
11.7422523499
10.1047019958
7.70517873764
13.0601596832
10.0411806107
11.206363678
13.1910982132
10.8018789291
19.2985153198
16.48163414
9.35062789917
6.29338550568
9.28111553192
6.62830066681
10.4031906128
11.1593885422
13.0371799469
9.36891651154
10.3624610901
13.0683546066
12.0158023834
6.35741138458
11.7166185379
12.5459156036
12.0077819824
18.4068412781
6.47466421127
12.841386795
5.69886112213
7.56032419205
5.27043390274
14.8350143433
8.59875583649
10.8076925278
9.02788925171
5.46538686752
5.28456783295
11.10389328
10.8476285934
8.00642585754
5.5918841362
9.33605575562
4.56393194199
9.71167850494
4.95417261124
12.9647159576
10.2405881882
7.89064264297
8.35955047607
8.46433925629
8.51916217804
10.7900362015
7.95150756836
11.8173084259
9.88201999664
8.96971893311
6.89154672623
4.83427095413
17.2876758575
14.005689621
8.55605220795
10.0951128006
3.33994531631
9.70885276794
6.33524036407
7.99940013885
33.1231498718
10.5879650116
9.37207126617
4.65403366089
7.17311096191
13.9986391068
8.79239463806
11.0597715378
6.15633535385
8.94630908966
10.5406370163
3.77864003181
12.4577894211
6.84705162048
2.96079897881
4.36994934082
11.4160652161
6.50137090683
9.63576889038
13.0004243851
13.7995958328
6.62162399292
5.81998920441
3.33827733994
7.61398935318
3.44032526016
5.90567731857
8.51804828644
4.88618755341
20.4075946808
3.32327413559
20.7630672455
3.29365110397
5.08537244797
3.28361606598
2.97043585777
5.67633056641
7.80904245377
8.10028362274
2.38348555565
9.41598892212
9.06916046143
8.29811382294
6.63405942917
12.301905632
19.4738121033
11.0465707779
2.99420690536
3.5463449955
6.60998106003
13.3923025131
7.25624704361
4.41902351379
4.78586292267
4.81009960175
8.10542583466
11.3066329956
6.2091999054
3.43961143494
6.15204954147
5.61500549316
8.2518529892
6.65973520279
4.56738567352
7.38224220276
6.29627084732
6.20978879929
8.39883232117
6.56507253647
8.81596469879
4.20143461227
2.63863277435
12.0890035629
19.0233764648
5.36762189865
3.96765589714
6.49832582474
5.8962469101
4.74438524246
9.61932659149
4.30723714828
14.8183364868
3.73040986061
2.96128726006
3.15169048309
5.92467594147
5.49040269852
3.15074825287
17.2988929749
9.12467479706
2.85161566734
15.4637565613
11.2775850296
8.71147155762
14.6833486557
7.65423345566
2.8445456028
5.83011102676
32.9086799622
4.5208735466
5.65616083145
4.56594991684
3.33319234848
6.24956893921
14.1860313416
3.81151723862
7.9157037735
7.32756757736
5.30595779419
5.41204786301
9.36444377899
9.92406082153
10.9077634811
11.9050865173
2.84734582901
9.9051361084
11.3165063858
8.84111976624
2.60155916214
4.50672292709
6.92973089218
9.22737503052
5.5276017189
4.33764123917
8.30928993225
3.93834900856
9.72868919373
12.7357797623
4.52015209198
9.49620723724
3.96936511993
3.54411435127
6.72483634949
5.3972196579
5.54728984833
22.0452613831
1.97430002689
10.6677474976
7.95902442932
5.60796499252
7.21960020065
14.7597751617
5.10886955261
2.39126062393
4.09224319458
22.9138431549
29.0240116119
5.5859837532
2.59332036972
9.10985946655
5.93677186966
2.85081601143
3.09674263
5.95998048782
6.97946214676
10.6213951111
3.5642080307
6.92068099976
8.12982082367
1.99021947384
2.3190908432
3.00148200989
