-176.92539978
-181.066116333
-181.311218262
-180.456375122
-178.66267395
-177.167388916
-177.5965271
-176.952651978
-179.499450684
-181.311676025
-179.419723511
-175.70413208
-181.106079102
-178.626846313
-183.070159912
-179.489715576
-184.249221802
-185.591888428
-184.512237549
-181.329925537
-187.734588623
-183.148895264
-182.693511963
-183.145111084
-188.569885254
-185.143051147
-179.202789307
-186.394500732
-183.701568604
-185.996994019
-179.532058716
-181.068023682
-185.159744263
-183.649017334
-180.534881592
-184.991882324
-189.779251099
-186.311126709
-180.729705811
-182.47354126
-190.211761475
-184.645126343
-183.984649658
-185.872833252
-179.389434814
-183.547790527
-185.751083374
-185.33631897
-188.174957275
-185.128387451
-187.964416504
-185.68762207
-187.243637085
-187.63319397
-181.857559204
-186.902236938
-193.255172729
-191.982894897
-188.459075928
-192.03414917
-187.642059326
-186.070724487
-194.610290527
-191.689407349
-189.217926025
-186.924850464
-187.857025146
-196.542861938
-185.605407715
-189.11227417
-191.176757812
-200.879165649
-191.15927124
-197.205062866
-188.867340088
-194.404953003
-193.541656494
-197.872024536
-194.917678833
-193.865005493
-193.58203125
-196.214935303
-196.675994873
-190.888702393
-186.670623779
-196.699188232
-198.717056274
-194.755096436
-195.813476562
-195.753662109
-198.441802979
-189.677581787
-201.03578186
-192.411071777
-200.785614014
-200.340774536
-196.97303772
-196.152862549
-196.866867065
-199.905838013
-192.22052002
-201.267791748
-191.477722168
-197.234664917
-197.67539978
-196.487258911
-202.19039917
-196.984146118
-197.246200562
-202.836669922
-202.855300903
-196.165313721
-197.881271362
-206.966796875
-198.639129639
-201.988357544
-202.894927979
-199.376815796
-207.613433838
-198.049224854
-208.375457764
-205.949874878
-205.790802002
-201.889297485
-203.572723389
-207.225097656
-199.461074829
-201.048370361
-203.121292114
-204.655181885
-203.589080811
