558.9901733398438
702.9599609375
632.3153076171875
828.4346313476562
465.8392333984375
730.3377685546875
630.24658203125
714.9078979492188
470.8218688964844
1084.2947998046875
409.3714599609375
1055.4306640625
811.642578125
419.7123107910156
681.5135498046875
381.77886962890625
253.32138061523438
418.4911804199219
437.7972717285156
265.9530029296875
187.31594848632812
371.60693359375
325.0815124511719
375.0222473144531
274.84765625
181.74325561523438
341.5914611816406
223.1712646484375
303.0386657714844
302.2528076171875
233.0436248779297
315.8662109375
263.4522399902344
406.2958068847656
382.0048522949219
282.4866943359375
317.921875
211.41224670410156
276.0455627441406
279.126953125
258.0718994140625
202.63314819335938
223.19708251953125
487.479248046875
405.44635009765625
175.87339782714844
233.6965789794922
187.0594940185547
471.1069641113281
207.12611389160156
170.87034606933594
219.56858825683594
165.29490661621094
289.126953125
227.82598876953125
162.37362670898438
127.96217346191406
134.4273223876953
276.5690612792969
147.41627502441406
241.6390838623047
204.4420623779297
175.43115234375
239.8061981201172
101.39678192138672
159.93580627441406
79.5120620727539
110.73199462890625
215.0779266357422
179.49996948242188
90.4368896484375
89.17672729492188
121.034423828125
157.72854614257812
110.34139251708984
166.48175048828125
85.16771697998047
106.51516723632812
158.9799041748047
97.72419738769531
130.14859008789062
108.8143310546875
101.92976379394531
109.78215789794922
71.31451416015625
118.28939819335938
77.64750671386719
114.8467025756836
113.61880493164062
70.95777130126953
80.06722259521484
132.81863403320312
154.3431854248047
163.1504364013672
95.30110168457031
217.3871307373047
186.94247436523438
239.4763641357422
273.3046569824219
229.25872802734375
244.55569458007812
335.33673095703125
341.4390563964844
406.6971740722656
498.4173278808594
425.47540283203125
387.713623046875
498.3202819824219
319.73577880859375
516.3912963867188
330.63800048828125
367.0322265625
421.95819091796875
228.41220092773438
518.3009033203125
330.8099365234375
190.18905639648438
151.11329650878906
317.2564392089844
300.5147399902344
133.05982971191406
187.34043884277344
145.80813598632812
133.02267456054688
118.9210433959961
146.16937255859375
168.155029296875
104.88794708251953
73.06954193115234
79.15760040283203
100.89881134033203
56.72809982299805
50.18617630004883
63.86431121826172
59.55559158325195
78.92151641845703
60.19822692871094
83.69294738769531
122.67293548583984
54.58635330200195
113.5975112915039
50.85845184326172
155.92343139648438
69.61348724365234
51.1131706237793
90.32862091064453
128.557861328125
55.23291015625
54.99589920043945
44.02555847167969
67.06851196289062
51.6057014465332
50.068519592285156
40.17905044555664
43.64877700805664
50.54132843017578
67.45426940917969
48.99073791503906
35.774906158447266
53.23975372314453
74.31616973876953
35.261131286621094
38.30965042114258
74.23292541503906
29.371444702148438
100.80288696289062
24.940887451171875
41.08198928833008
37.35769271850586
23.301639556884766
25.841041564941406
39.80617141723633
29.818819046020508
25.352806091308594
32.16712188720703
41.739601135253906
31.853464126586914
33.867706298828125
38.55104064941406
30.795608520507812
32.01705551147461
20.00356674194336
45.63044738769531
31.05172348022461
48.82239532470703
71.20370483398438
32.537471771240234
52.471431732177734
24.138975143432617
32.41631317138672
46.27031707763672
41.5488395690918
39.33395004272461
52.0711555480957
31.36185646057129
44.42660903930664
15.376152038574219
15.56401252746582
24.586355209350586
56.08483123779297
30.391061782836914
26.77182388305664
19.66271209716797
23.412155151367188
23.0422306060791
21.363279342651367
32.02402114868164
11.981439590454102
49.33597946166992
29.00987434387207
22.98177146911621
43.909175872802734
25.31467056274414
18.05405044555664
16.92853546142578
16.39850616455078
24.45442008972168
29.67987060546875
18.191177368164062
16.22184181213379
26.723876953125
19.559865951538086
16.96112823486328
18.282119750976562
30.183135986328125
15.801959991455078
13.927884101867676
36.35146713256836
19.9996337890625
21.48975944519043
12.951411247253418
13.662203788757324
28.439836502075195
27.533126831054688
9.427940368652344
19.789356231689453
18.012027740478516
7.672642230987549
18.967891693115234
9.725824356079102
13.969136238098145
15.919361114501953
9.661355972290039
33.89473342895508
4.509239196777344
23.07692527770996
43.86402893066406
17.27336311340332
9.066174507141113
28.34000587463379
40.022682189941406
13.330638885498047
10.413956642150879
11.735183715820312
10.689544677734375
9.89583683013916
10.50070858001709
23.658531188964844
21.625446319580078
9.08978271484375
9.38916015625
23.311439514160156
3.6983635425567627
4.491552352905273
3.2462332248687744
6.533724784851074
3.6780152320861816
4.888219356536865
10.464517593383789
4.389526844024658
5.801187038421631
4.511194705963135
2.9743282794952393
2.325357675552368
4.117789268493652
6.087534427642822
3.135626792907715
1.8101454973220825
3.638453960418701
8.631280899047852
4.364372730255127
3.547119617462158
7.577047348022461
2.559690475463867
2.9358537197113037
2.102731943130493
6.849020957946777
8.183527946472168
3.7475531101226807
1.8993197679519653
6.3945441246032715
1.2446941137313843
4.619217395782471
6.9490132331848145
1.5942983627319336
4.082249641418457
2.3643596172332764
1.5064195394515991
5.000864028930664
1.515900731086731
1.207398533821106
2.1838643550872803
5.483741760253906
4.094114780426025
2.886646032333374
5.594621181488037
4.607149600982666
2.3594281673431396
1.6119145154953003
1.8241854906082153
2.884965419769287
1.8158330917358398
5.258284091949463
2.0022902488708496
2.7338905334472656
3.803504467010498
2.493171215057373
3.7768325805664062
4.287657260894775
3.343859910964966
3.5538699626922607
2.0623857975006104
4.728595733642578
3.0762112140655518
1.3204662799835205
3.57352352142334
4.914996147155762
2.6280906200408936
2.0928924083709717
3.9038736820220947
9.85838508605957
4.655761241912842
5.353036403656006
2.592941999435425
2.822248697280884
2.852675199508667
1.6070144176483154
1.612642526626587
3.594666004180908
3.118257761001587
0.578580379486084
2.019517660140991
1.4901132583618164
1.994465708732605
2.6460232734680176
2.2673017978668213
1.5339713096618652
2.092822551727295
2.8535361289978027
1.8713489770889282
1.634195327758789
2.4899420738220215
1.576644778251648
0.6405045390129089
1.2790186405181885
0.9592840075492859
1.821009635925293
4.398771286010742
3.6307106018066406
2.5996127128601074
4.403448104858398
1.5253702402114868
1.1721473932266235
3.1383612155914307
2.29557204246521
1.8925985097885132
2.1007275581359863
1.0389502048492432
1.293586254119873
1.1097908020019531
1.5634019374847412
2.4548323154449463
1.7978583574295044
4.800553798675537
1.7285631895065308
2.0379011631011963
2.321098804473877
1.6867015361785889
1.1562832593917847
1.2001100778579712
4.716489791870117
1.2230411767959595
1.1358280181884766
1.7850110530853271
1.9698851108551025
2.035580635070801
1.809633731842041
4.591302871704102
1.8034288883209229
1.979366421699524
3.4420969486236572
4.00143575668335
1.7943894863128662
2.8501486778259277
3.026853084564209
5.065522193908691
0.9873121380805969
1.0603094100952148
1.7287777662277222
1.2707737684249878
2.1484646797180176
4.313793659210205
1.6226742267608643
1.5738829374313354
1.8266699314117432
2.2389299869537354
3.034290075302124
4.264207363128662
0.9612782001495361
2.4189672470092773
1.669580101966858
1.869174838066101
4.662139415740967
1.540963053703308
3.99536395072937
4.9415717124938965
1.5849348306655884
1.123856782913208
1.9251261949539185
0.8130112886428833
1.546903133392334
1.520127773284912
1.376358985900879
1.1297136545181274
3.1908092498779297
1.9162589311599731
2.504478931427002
1.066279411315918
6.108595371246338
1.2456350326538086
2.535940647125244
1.770137071609497
1.4316927194595337
2.3932251930236816
1.2843401432037354
2.936488389968872
2.0684690475463867
1.660980224609375
2.110626220703125
1.6856216192245483
4.8123555183410645
1.1207523345947266
3.075795888900757
2.343231678009033
1.0921083688735962
2.1633291244506836
0.9781367778778076
2.801957845687866
2.5664238929748535
1.5749479532241821
1.612573504447937
2.30261492729187
1.855506420135498
3.1625728607177734
1.0887056589126587
6.112794399261475
0.7147449254989624
7.224182605743408
1.3055649995803833
1.908879041671753
2.1943957805633545
4.093108654022217
3.6211400032043457
2.027312755584717
2.01943302154541
1.2440552711486816
3.092061996459961
6.660465240478516
4.426954746246338
3.1451635360717773
1.7028186321258545
0.8367735743522644
5.526013374328613
3.8677666187286377
1.4805831909179688
0.9210959672927856
1.9189562797546387
0.7418212890625
3.911219358444214
2.346998691558838
1.4422428607940674
3.360607624053955
2.896022081375122
1.4766191244125366
2.2178962230682373
1.6682524681091309
1.7656787633895874
1.1311354637145996
2.718353033065796
1.4199626445770264
0.5778053998947144
1.3143553733825684
1.5933029651641846
3.4967827796936035
0.8123717904090881
5.047025680541992
1.891160011291504
5.803008079528809
1.659722924232483
1.8904956579208374
5.405692100524902
1.2882680892944336
3.750422477722168
1.7316172122955322
2.7962820529937744
2.7169535160064697
2.7112038135528564
1.6313124895095825
1.374489426612854
2.488274574279785
1.303123950958252
1.2133333683013916
3.8454296588897705
1.779472827911377
1.1473969221115112
3.332252264022827
1.2744029760360718
1.7285079956054688
5.534212112426758
6.558975696563721
1.740781307220459
1.5326478481292725
1.7975350618362427
2.110581398010254
1.6463009119033813
3.946666955947876
4.1012983322143555
5.688704967498779
1.7058526277542114
1.3140629529953003
6.005983352661133
4.229725360870361
1.7799021005630493
0.7138651013374329
1.2185935974121094
2.3144893646240234
2.835888385772705
5.0356268882751465
1.425504446029663
1.1596927642822266
1.1451395750045776
1.3439879417419434
1.667240023612976
0.9941063523292542
2.365940570831299
1.1027666330337524
1.1261075735092163
1.2006579637527466
1.7148021459579468
2.4958748817443848
3.5904428958892822
5.27072811126709
1.558692455291748
2.1382853984832764
3.1411917209625244
1.077413558959961
2.4118213653564453
1.6652166843414307
1.9944899082183838
3.74422550201416
1.9996567964553833
4.696822643280029
1.6932235956192017
1.1307060718536377
1.3395575284957886
1.3926738500595093
1.2214025259017944
3.708763837814331
3.085942506790161
1.0205339193344116
2.4889533519744873
1.7315396070480347
3.374760389328003
2.8651418685913086
2.136397361755371
1.266742467880249
1.4053560495376587
1.9825009107589722
1.277971863746643
2.151552200317383
3.071855068206787
1.932819128036499
3.7036564350128174
3.4243574142456055
1.7386587858200073
3.3390612602233887
3.5557949542999268
5.8619513511657715
2.2245657444000244
2.19221568107605
2.3628854751586914
1.380782961845398
3.636697292327881
1.1710268259048462
4.035993576049805
1.8438942432403564
0.8082742094993591
2.012977361679077
2.0329301357269287
2.5563886165618896
2.369234800338745
2.913165330886841
1.46542227268219
2.133457899093628
2.038766384124756
0.8602213859558105
1.362305760383606
1.6134568452835083
1.7512612342834473
3.746267080307007
1.7979804277420044
3.460876226425171
1.1546485424041748
4.571755886077881
1.966583251953125
1.635718822479248
2.1371054649353027
1.3687094449996948
1.3973634243011475
4.9274091720581055
1.6867127418518066
1.3645941019058228
2.0791115760803223
2.8875720500946045
1.8062806129455566
0.7506227493286133
2.330636978149414
2.646148681640625
2.1504273414611816
2.23097562789917
2.177973747253418
0.8998302221298218
1.3332815170288086
1.2004035711288452
1.6337662935256958
2.2531821727752686
0.518486499786377
1.7188743352890015
1.3668628931045532
1.0121004581451416
2.5292580127716064
1.204038381576538
1.4388880729675293
3.2104620933532715
2.654331684112549
1.0035357475280762
2.753957986831665
1.1578564643859863
2.2072184085845947
3.088216543197632
1.395592451095581
2.357297658920288
1.7417815923690796
3.9346303939819336
1.324997901916504
1.8294906616210938
1.6639658212661743
2.8681063652038574
1.465258002281189
1.7588778734207153
2.7603938579559326
2.5027456283569336
6.050433158874512
1.9260892868041992
3.4180691242218018
3.7260894775390625
1.686584234237671
0.8913496136665344
1.92223060131073
3.4292731285095215
1.9737087488174438
1.0037740468978882
2.579068660736084
1.732691764831543
2.310088634490967
3.5608162879943848
1.15192449092865
4.824061393737793
1.2332346439361572
1.289752721786499
1.1403409242630005
0.7747047543525696
1.58505117893219
2.616635799407959
1.2221860885620117
0.7588068246841431
1.1248537302017212
1.325127363204956
1.12760591506958
2.1640896797180176
1.1784101724624634
1.068093180656433
2.145995855331421
1.1562622785568237
1.5951026678085327
1.0232336521148682
1.046523928642273
1.9410991668701172
2.150423765182495
1.1890619993209839
1.765134334564209
2.588599443435669
2.707472085952759
2.72212815284729
1.0316060781478882
3.734699249267578
1.1787033081054688
1.3514162302017212
1.683125376701355
1.0010288953781128
1.6798118352890015
1.1000423431396484
0.5513901114463806
0.768214225769043
1.4709833860397339
0.653008222579956
1.9179803133010864
1.2659505605697632
1.871395230293274
1.1568375825881958
1.123366117477417
3.4394516944885254
5.041006565093994
3.6101326942443848
1.9869493246078491
1.661339282989502
2.1748526096343994
5.247071743011475
1.8260444402694702
1.1665741205215454
2.942328453063965
1.3851282596588135
5.077867031097412
2.153120994567871
0.8102895021438599
3.091430187225342
1.0948927402496338
0.7358067631721497
0.986040472984314
1.1387336254119873
1.0999647378921509
1.3353428840637207
1.9706310033798218
0.8211038112640381
1.817273497581482
3.259465217590332
1.8971574306488037
2.570401668548584
3.591536045074463
2.2886853218078613
2.109769582748413
1.7822169065475464
2.5958735942840576
1.937470555305481
1.22026526927948
1.696744441986084
2.813115358352661
1.1141964197158813
2.0739457607269287
2.0162954330444336
1.8389058113098145
1.4610614776611328
3.5090253353118896
3.365325450897217
6.998105525970459
1.5883060693740845
2.5416388511657715
4.839361667633057
4.276980400085449
3.6507647037506104
1.3255659341812134
0.85038822889328
1.395883560180664
2.0587563514709473
1.4408923387527466
2.2280826568603516
1.8813974857330322
1.0713732242584229
3.113964557647705
1.5498220920562744
2.7909724712371826
9.65779972076416
2.138328790664673
1.2815417051315308
2.2034575939178467
1.5715346336364746
1.489956021308899
0.9822767376899719
2.28566837310791
3.0528838634490967
0.5872925519943237
0.9938955307006836
1.2878366708755493
2.191835403442383
2.6349592208862305
1.3110380172729492
2.9140524864196777
2.9691364765167236
3.1684365272521973
1.4223847389221191
0.9980641603469849
1.4731683731079102
1.404259204864502
3.737901210784912
2.083916425704956
2.12662410736084
1.5340813398361206
1.5410667657852173
0.9398108720779419
4.596750736236572
2.502053737640381
1.0767441987991333
3.207907199859619
2.8829901218414307
1.5516177415847778
1.6597224473953247
1.8897795677185059
1.2354861497879028
1.1780720949172974
0.946983814239502
1.2013927698135376
4.140758037567139
2.118948221206665
3.5849294662475586
0.7077370285987854
2.414579153060913
3.1351499557495117
3.283447504043579
2.325883626937866
0.909262478351593
0.9059858918190002
1.0386816263198853
1.5736032724380493
2.8386476039886475
2.0456554889678955
1.6794668436050415
1.963841199874878
1.370022177696228
3.694188117980957
1.4375088214874268
1.2564239501953125
1.3227944374084473
2.2960216999053955
1.0277308225631714
1.186993956565857
4.203274726867676
0.7238087058067322
1.7503299713134766
1.4741554260253906
1.4767251014709473
1.795061469078064
3.199976921081543
1.7564443349838257
2.20235013961792
1.043836236000061
2.9216175079345703
3.7137539386749268
3.9591104984283447
2.138169050216675
0.6189397573471069
0.9437692165374756
1.2725886106491089
0.8572688698768616
1.218570351600647
0.9868038892745972
1.1895917654037476
1.6958856582641602
1.616353988647461
0.9362554550170898
0.8580324649810791
1.4466530084609985
1.6368077993392944
3.529635190963745
3.239189624786377
3.36702036857605
1.244647741317749
1.0025389194488525
2.8187055587768555
2.1234517097473145
2.7296528816223145
2.939657211303711
0.5850253701210022
3.3121755123138428
1.688368320465088
8.102890014648438
2.5087599754333496
1.4817814826965332
1.5298395156860352
1.222326397895813
1.391280174255371
1.145565390586853
1.850154995918274
1.1535860300064087
1.0925712585449219
2.411756992340088
1.050469994544983
4.240211486816406
0.5927370190620422
2.1786067485809326
0.6777886152267456
1.2570306062698364
2.9409379959106445
0.9357436299324036
0.6104863882064819
0.9861607551574707
3.8660459518432617
1.0688366889953613
1.3313502073287964
3.4817848205566406
1.972191572189331
0.8856106996536255
3.508596181869507
2.3995487689971924
3.877166748046875
2.5212440490722656
1.1736338138580322
1.1908509731292725
1.915927767753601
2.7691473960876465
1.5958750247955322
1.971482515335083
1.8666335344314575
1.6170070171356201
0.5122665762901306
1.864372968673706
1.4218788146972656
1.2241123914718628
2.5638248920440674
1.5756908655166626
1.983010172843933
0.9091230034828186
0.7533532381057739
1.29486083984375
1.2112685441970825
1.0932971239089966
0.6572465896606445
1.1097594499588013
2.6075356006622314
0.8635186553001404
1.1285393238067627
2.1761574745178223
1.017325520515442
0.6054776906967163
1.030231237411499
0.8317266702651978
2.791321277618408
2.373863458633423
2.9340176582336426
2.817627191543579
1.7099047899246216
0.4915922284126282
1.3469078540802002
2.495530605316162
1.0217723846435547
1.0059832334518433
1.6267045736312866
2.6518173217773438
1.1655547618865967
0.9941122531890869
2.191357374191284
1.3917759656906128
1.224853277206421
2.217928171157837
2.1344456672668457
1.8734259605407715
1.1903036832809448
1.9341974258422852
1.6818528175354004
2.674154758453369
2.5079197883605957
1.9084205627441406
1.0449419021606445
0.9269755482673645
1.11533522605896
1.6706982851028442
1.3899872303009033
1.1856931447982788
1.009819507598877
3.3107759952545166
3.49770450592041
1.8201309442520142
1.3410853147506714
0.8795598745346069
1.094917893409729
1.39522385597229
2.173245429992676
3.4330875873565674
3.1384012699127197
1.341917872428894
1.0400424003601074
0.9274783134460449
0.5174344182014465
1.153631567955017
0.9401319026947021
1.0417864322662354
1.6210737228393555
1.254705548286438
1.930396556854248
3.3788487911224365
1.996852159500122
