-373.4811096191406
-285.56536865234375
-466.6630859375
-675.6754150390625
-362.2017822265625
-408.23590087890625
-375.8878173828125
-422.1136169433594
-331.7486572265625
-390.7162170410156
-359.0848083496094
-531.1011962890625
-486.13751220703125
-459.1829833984375
-404.1005859375
-435.1898498535156
-420.3529968261719
-408.7304992675781
-275.4087829589844
-382.83575439453125
-304.7508239746094
-468.4182434082031
-440.0528869628906
-485.9977111816406
-313.2478942871094
-310.2262268066406
-325.66552734375
-496.372314453125
-349.2086181640625
-517.3469848632812
-318.4457092285156
-317.2596435546875
-294.9411315917969
-375.75341796875
-499.5585632324219
-286.222412109375
-348.3818664550781
-448.0841979980469
-482.4452819824219
-353.0343933105469
-406.94818115234375
-308.2960510253906
-209.34681701660156
-465.2369079589844
-499.4383239746094
-256.49444580078125
-494.33990478515625
-275.67681884765625
-312.6058044433594
-377.6786804199219
-366.4471740722656
-427.14666748046875
-330.90008544921875
-358.6508483886719
-493.37939453125
-354.140869140625
-378.4981384277344
-441.6698913574219
-373.52569580078125
-326.96685791015625
-541.6217651367188
-418.0402526855469
-418.7622985839844
-521.998779296875
-346.5668640136719
-234.0389404296875
-384.36865234375
-408.2276306152344
-369.20294189453125
-530.6425170898438
-344.7220458984375
-355.0447082519531
-521.1298828125
-467.5242919921875
-388.6202392578125
-321.91094970703125
-417.0329895019531
-334.5770263671875
-295.78448486328125
-437.0982971191406
-346.6638488769531
-405.73126220703125
-326.56805419921875
-361.6045227050781
-374.8177185058594
-442.4440612792969
-350.0153503417969
-399.03857421875
-238.8253173828125
-379.7386169433594
-330.20892333984375
-424.4602355957031
-365.9761657714844
-472.4649353027344
-333.2747802734375
-315.2783508300781
-441.09527587890625
-400.08392333984375
-384.81011962890625
-301.68878173828125
-417.9531555175781
-391.3533935546875
-353.0351257324219
-345.6557922363281
-359.6663513183594
-388.6810302734375
-307.4470520019531
-403.8176574707031
-296.67303466796875
-423.3431701660156
-482.93048095703125
-344.7250061035156
-389.07135009765625
-335.9027404785156
-446.52581787109375
-491.60211181640625
-316.3573913574219
-348.6999206542969
-482.3450012207031
-456.6976623535156
-425.0260314941406
-301.30615234375
-533.2960815429688
-389.6509704589844
-449.1707458496094
-386.1820983886719
-718.8907470703125
-379.067138671875
-360.2415771484375
-297.50567626953125
-409.8958740234375
-441.7460021972656
-388.7911682128906
-517.67578125
-432.04205322265625
-391.5617980957031
-313.82281494140625
-562.0325927734375
-557.706298828125
-426.9432678222656
-438.3034973144531
-538.0374145507812
-513.8569946289062
-345.2145690917969
-357.7879333496094
-296.5131530761719
-393.13043212890625
-438.7412109375
-328.47296142578125
-344.4975891113281
-452.6812744140625
-398.5838928222656
-432.98785400390625
-273.702392578125
-351.0172119140625
-445.4820861816406
-293.2040100097656
-469.9137268066406
-405.0611267089844
-347.9439392089844
-426.3973388671875
-479.13934326171875
-420.1438293457031
-363.0021057128906
-423.09674072265625
-546.4131469726562
-343.923583984375
-381.533935546875
-416.7466125488281
-348.0931701660156
-407.2706604003906
-417.5379943847656
-433.21478271484375
-280.8348388671875
-312.0446472167969
-292.3797912597656
-322.65325927734375
-228.9285430908203
-350.60101318359375
-242.57144165039062
-282.1990051269531
-319.2635192871094
-342.9276123046875
-406.4559631347656
-385.4280090332031
-437.73028564453125
-295.43841552734375
-385.5931091308594
-433.7138366699219
-485.7078552246094
-369.8387451171875
-395.5157470703125
-380.5138244628906
-405.0496826171875
-346.6287841796875
-320.6990966796875
-356.8387451171875
-468.5305480957031
-353.2384948730469
-374.9000244140625
-415.9034729003906
-431.015625
-288.9482727050781
-329.0036315917969
-290.69952392578125
-318.24078369140625
-301.06884765625
-380.9602966308594
-565.793212890625
-526.842041015625
-319.75811767578125
-494.5865173339844
-416.6087951660156
-279.2058410644531
-365.9474792480469
-404.6033020019531
-402.4583435058594
-299.8235168457031
-376.5626220703125
-300.4919128417969
-320.0485534667969
-506.4219665527344
-357.8153991699219
-419.7646789550781
-271.2193298339844
-221.23292541503906
-404.141845703125
-394.7474670410156
-444.9733581542969
-321.8974304199219
-312.9372253417969
-383.2397155761719
-393.1897888183594
-496.3830261230469
-306.52337646484375
-374.80120849609375
-250.72093200683594
-371.831298828125
-318.14154052734375
-383.81976318359375
-404.7242736816406
-482.4308776855469
-308.27587890625
-513.4473266601562
-417.7080993652344
-389.9515075683594
-501.0674133300781
-352.61962890625
-404.1593322753906
-466.1888122558594
-853.9242553710938
-363.60369873046875
-431.09197998046875
-404.1453552246094
-327.7624206542969
-444.2840576171875
-392.30242919921875
-296.6274108886719
-687.1187744140625
-331.8050537109375
-448.9398498535156
-452.98992919921875
-286.70562744140625
-455.2333679199219
-385.8868713378906
-356.5464782714844
-431.7708740234375
-484.1977844238281
-393.02838134765625
-270.0140686035156
-459.5573425292969
-626.421875
-283.9403991699219
-375.6534423828125
-353.0565185546875
-527.3933715820312
-506.68963623046875
-470.53021240234375
-414.4466247558594
-453.4277038574219
-362.13787841796875
-428.9249572753906
-437.4211120605469
-311.4844970703125
-451.3817443847656
-273.46112060546875
-292.3525390625
-519.5753173828125
-307.321044921875
-316.35455322265625
-374.18353271484375
-433.6199645996094
-412.5845947265625
-439.213623046875
-392.51776123046875
-484.0202941894531
-413.7775573730469
-323.7357482910156
-344.7966003417969
-374.7142333984375
-283.8147888183594
-252.60025024414062
-417.2418518066406
-321.3618469238281
-350.60772705078125
-438.0124816894531
-613.4163818359375
-453.2366943359375
-394.19818115234375
-319.0535583496094
-378.41668701171875
-304.4056396484375
-369.86688232421875
-295.8700256347656
-306.86773681640625
-468.4075622558594
-345.69866943359375
-300.0085144042969
-374.5744323730469
-547.417724609375
-459.54388427734375
-303.35455322265625
-396.6853942871094
-441.8487243652344
-379.5235290527344
-387.2482604980469
-252.1099395751953
-309.9023742675781
-482.2772521972656
-379.7164611816406
-379.8205871582031
-407.5750427246094
-352.5417785644531
-308.00128173828125
-358.4800109863281
-326.7119140625
-333.19482421875
-334.2536315917969
-409.24560546875
-352.7684326171875
-342.63714599609375
-392.08282470703125
-379.291748046875
-423.5527648925781
-272.9691162109375
-407.72442626953125
-343.9780578613281
-351.1210021972656
-481.75604248046875
-421.274658203125
-367.9674377441406
-454.5043640136719
-442.864990234375
-418.2550354003906
-349.7705078125
-326.8199462890625
-317.0163269042969
-292.8191223144531
-409.5402526855469
-431.2037048339844
-426.4010009765625
-401.4742431640625
-385.7450866699219
-436.0728759765625
-492.620849609375
-332.6351623535156
-325.6050109863281
-436.7496337890625
-322.0579833984375
-280.9972839355469
-310.2011413574219
-467.9977722167969
-426.7748718261719
-436.8948669433594
-347.8263244628906
-353.724853515625
-256.0086669921875
-396.967041015625
-313.1319274902344
-414.56292724609375
-549.264892578125
-528.8091430664062
-340.8809509277344
-318.4734191894531
-267.83551025390625
-331.7662048339844
-479.39239501953125
-369.93572998046875
-371.0558776855469
-304.4785461425781
-291.8803405761719
-398.43927001953125
-317.62371826171875
-285.9968566894531
-527.695556640625
-314.0437316894531
-412.15447998046875
-326.7317810058594
-317.9339599609375
-395.990478515625
-441.4488220214844
-390.0647277832031
-332.6505432128906
-290.3194885253906
-371.2607116699219
-414.329833984375
-514.894287109375
-403.1791687011719
-487.09063720703125
-567.7964477539062
-433.06243896484375
-222.54367065429688
-571.2335205078125
-295.96881103515625
-485.86566162109375
-384.39666748046875
-339.5322265625
-366.90948486328125
-464.4800720214844
-333.29541015625
-447.3907470703125
-395.1923828125
-381.78924560546875
-363.6440734863281
-452.8077392578125
-303.6892395019531
-481.259765625
-369.1147155761719
-440.39727783203125
-361.95843505859375
-204.87718200683594
-377.85784912109375
-384.3794250488281
-283.315185546875
-386.9504699707031
-422.2837829589844
-428.1953125
-312.5466003417969
-437.8867492675781
-362.474853515625
-459.5190734863281
-415.61907958984375
-419.86944580078125
-621.4823608398438
-323.20648193359375
-478.7666320800781
-393.5384826660156
-441.58502197265625
-407.81787109375
-340.4800720214844
-420.95794677734375
-445.1510009765625
-312.9901428222656
-397.0274353027344
-328.572998046875
-536.711181640625
-440.0260314941406
-452.0361022949219
-472.70550537109375
-369.1208190917969
-397.18212890625
-404.1269836425781
-258.804931640625
-355.3272705078125
-331.1207275390625
-295.83453369140625
-368.7071533203125
-347.7274475097656
-303.0303955078125
-483.6669006347656
-325.93914794921875
-496.89013671875
-361.72784423828125
-332.5904235839844
-386.19049072265625
-480.9676513671875
-459.074951171875
-358.2076416015625
-345.4994201660156
-512.02001953125
-401.2810974121094
-292.829833984375
-302.6722717285156
-440.8205261230469
-282.2064514160156
-477.5332336425781
-334.0367126464844
-231.92611694335938
-414.103515625
-448.5070495605469
-364.0559997558594
-363.6103820800781
-493.5846252441406
-332.390625
-532.85009765625
-507.349853515625
-343.63995361328125
-350.1598815917969
-448.49139404296875
-251.90907287597656
-441.48748779296875
-368.2536926269531
-351.5585632324219
-398.7623291015625
-308.154541015625
-251.3272247314453
-224.5320281982422
-560.8010864257812
-377.18450927734375
-435.1744384765625
-293.5587158203125
-414.4461364746094
-381.7193603515625
-325.1779479980469
-266.2043151855469
-482.38970947265625
-427.0084228515625
-286.1526794433594
-311.236083984375
-737.8211059570312
-293.07830810546875
-390.6015319824219
-370.063720703125
-480.811279296875
-325.43780517578125
-339.1462097167969
-404.0657653808594
-485.7415466308594
-357.67791748046875
-454.92596435546875
-345.7928466796875
-495.3388366699219
-357.0066833496094
-271.0978698730469
-438.04595947265625
-305.9895324707031
-322.986083984375
-318.98687744140625
-330.7303466796875
-266.1513366699219
-378.9919738769531
-394.8788146972656
-303.8546142578125
-442.67633056640625
-437.6502685546875
-346.54791259765625
-397.995849609375
-419.3034362792969
-521.6167602539062
-458.98626708984375
-370.978515625
-284.0316162109375
-354.886474609375
-429.8139343261719
-539.5227661132812
-552.405029296875
-226.0602264404297
-550.1315307617188
-469.3630676269531
-359.7312316894531
-349.25775146484375
-334.7095642089844
-607.082763671875
-316.0493469238281
-364.44873046875
-327.9488220214844
-336.8325500488281
-250.97821044921875
-550.4406127929688
-453.5675354003906
-493.7950134277344
-407.8233947753906
-305.8366394042969
-375.3120422363281
-285.218994140625
-342.1122131347656
-379.3570861816406
-422.27349853515625
-394.25238037109375
-262.9140625
-401.93145751953125
-322.91510009765625
-365.4272766113281
-431.9794921875
-424.26422119140625
-413.5155029296875
-306.3877258300781
-442.3624572753906
-331.91217041015625
-373.87542724609375
-329.1590576171875
-502.0028076171875
-480.5006408691406
-305.1841125488281
-321.0511779785156
-478.62359619140625
-289.5187683105469
-369.0805969238281
-361.2380065917969
-653.7175903320312
-293.9101867675781
-391.459716796875
-396.1748352050781
-374.4388732910156
-325.62139892578125
-425.8458251953125
-542.266357421875
-414.2378234863281
-361.4942626953125
-343.56134033203125
-305.7099609375
-490.347412109375
-365.53302001953125
-387.3540954589844
-347.3264465332031
-367.07464599609375
-343.9895324707031
-356.7425537109375
-560.3589477539062
-579.0342407226562
-364.56536865234375
-265.43438720703125
-395.3306884765625
-481.5885009765625
-508.9445495605469
-366.9579162597656
-495.8868408203125
-338.81170654296875
-366.15606689453125
-394.3776550292969
-473.6379089355469
-335.6619873046875
-385.3074951171875
-388.5838623046875
-400.11376953125
-447.4417724609375
-518.3812866210938
-363.33770751953125
-387.500244140625
-361.1053161621094
-411.8321533203125
-318.47674560546875
-328.5928955078125
-505.32733154296875
-234.30162048339844
-450.5782165527344
-464.1593933105469
-316.0127258300781
-366.4969482421875
-253.2967987060547
-472.9124755859375
-566.3421630859375
-388.5907287597656
-362.1593017578125
-237.74749755859375
-278.76190185546875
-445.027099609375
-382.0755615234375
-365.8415222167969
-388.3465881347656
-254.71536254882812
-364.5273132324219
-403.1877136230469
-493.5365905761719
-451.5273742675781
-338.39306640625
-384.4429931640625
-386.06622314453125
-475.30474853515625
-317.2080078125
-350.9112548828125
-333.6865234375
-253.14588928222656
-351.7836608886719
-494.1121826171875
-590.192626953125
-257.9734191894531
-357.5921630859375
-301.9136047363281
-430.8699951171875
-415.2089538574219
-388.8249816894531
-387.5435791015625
-471.1408996582031
-377.2362365722656
-369.44915771484375
-533.7452392578125
-330.0530090332031
-489.89044189453125
-382.8233642578125
-341.1265869140625
-647.108642578125
-295.8153991699219
-480.6290283203125
-363.34564208984375
-440.7300109863281
-406.2625427246094
-614.8650512695312
-354.0881652832031
-307.04803466796875
-486.7840881347656
-336.1663513183594
-510.9892578125
-440.30609130859375
-353.9881286621094
-502.9459533691406
-487.57647705078125
-303.3930969238281
-438.2602844238281
-351.059326171875
-420.99761962890625
-419.7791748046875
-305.03338623046875
-356.2353515625
-398.0094909667969
-320.0661315917969
-572.6419677734375
-351.48248291015625
-314.738525390625
-414.71441650390625
-335.78436279296875
-332.4761047363281
-574.0780639648438
-492.1491394042969
-356.012939453125
-462.10858154296875
-569.6163330078125
-426.0567932128906
-567.9259643554688
-287.5600280761719
-400.7555236816406
-420.60089111328125
-222.07272338867188
-408.30682373046875
-426.8282775878906
-505.22650146484375
-375.2938537597656
-478.1314392089844
-388.0050964355469
-479.0382385253906
-443.6889953613281
-334.4506530761719
-322.8240661621094
-335.6899108886719
-411.2972106933594
-534.162109375
-468.8958740234375
-365.2369689941406
-461.0710754394531
-231.84803771972656
-401.84063720703125
-565.6598510742188
-326.1670837402344
-518.7810668945312
-376.0564270019531
-326.04718017578125
-329.8766784667969
-405.39752197265625
-305.3114929199219
-329.3590393066406
-499.5287780761719
-366.19171142578125
-574.0652465820312
-300.56842041015625
-395.087158203125
-308.0877685546875
-372.611572265625
-474.3854064941406
-306.9830017089844
-334.2139892578125
-449.14154052734375
-428.5796203613281
-360.18121337890625
-352.49407958984375
-411.8711242675781
-494.8908386230469
-434.4320373535156
-274.34173583984375
-311.9236145019531
-382.5631408691406
-448.6268615722656
-466.5824279785156
-447.08209228515625
-422.5589294433594
-333.0855712890625
-403.40948486328125
-306.3537292480469
-381.1434020996094
-402.5574645996094
-346.38787841796875
-452.0994567871094
-399.74072265625
-250.03878784179688
-241.93267822265625
-249.10511779785156
-581.88232421875
-361.8848571777344
-374.40948486328125
-317.1907958984375
-297.01922607421875
-438.7783203125
-282.17791748046875
-288.5084533691406
-398.4828186035156
-342.6637268066406
-350.33837890625
-409.9207458496094
-358.51861572265625
-532.9094848632812
-477.0650634765625
-253.62872314453125
-316.179443359375
-316.2315368652344
-279.7887878417969
-366.03814697265625
-395.7667236328125
-401.8387145996094
-262.7080078125
-259.3000793457031
-420.42535400390625
-341.18798828125
-660.5236206054688
-327.0646667480469
-562.636474609375
-359.91259765625
-354.6611633300781
-483.8561096191406
-388.5496520996094
-306.65081787109375
-340.968505859375
-464.700439453125
-422.58099365234375
-407.8402099609375
-377.1573181152344
-283.2518310546875
-361.5958251953125
-261.4300537109375
-377.0298767089844
-357.6183166503906
-329.7926330566406
-389.3013610839844
-389.0643615722656
-578.2913818359375
-416.9351501464844
-398.47454833984375
-442.5635681152344
-419.5412902832031
-563.130615234375
-393.92950439453125
-311.3210754394531
-434.46710205078125
-389.3055725097656
-355.21533203125
-407.8102111816406
-347.1934509277344
-357.4428405761719
-479.4373779296875
-447.8923645019531
-360.8465881347656
-716.4930419921875
-410.42413330078125
-313.18536376953125
-432.786376953125
-388.141845703125
-362.7771911621094
-333.7894287109375
-233.8496856689453
-342.4356994628906
-359.5771179199219
-505.1831970214844
-514.4302368164062
-303.4816589355469
-464.94781494140625
-513.8018798828125
-390.759765625
-308.6665344238281
-379.9353332519531
-272.5667724609375
-369.0671081542969
-321.1746826171875
-418.020263671875
-270.147216796875
-561.1084594726562
-430.4396667480469
-435.7087707519531
-313.6172180175781
-399.33172607421875
-323.6377258300781
-430.7177734375
-334.3753967285156
-276.3025207519531
-391.1690979003906
-329.5487365722656
-376.3830871582031
-378.6253356933594
-394.96484375
-368.0066223144531
-401.8529052734375
-373.93267822265625
-369.1824951171875
-360.1477966308594
-412.4120178222656
-386.36004638671875
-462.3678283691406
-465.151611328125
-442.3797607421875
-413.4532775878906
-312.7043762207031
-296.7664794921875
-289.4026184082031
-393.60235595703125
-353.6632385253906
-235.62399291992188
-517.0640258789062
-211.0226593017578
-406.7193298339844
-354.77685546875
-281.0555114746094
-538.5855102539062
-301.3453369140625
-483.6968994140625
-345.4117736816406
-208.52505493164062
-401.0126953125
-325.52069091796875
-255.44822692871094
-410.6641845703125
-365.9954833984375
-298.0501403808594
-321.539794921875
-440.67645263671875
-419.6092834472656
-417.3003234863281
-483.0835876464844
-557.7405395507812
-340.8538513183594
-270.92626953125
-519.9595947265625
-367.28302001953125
-246.9138641357422
-267.4607238769531
-293.5624694824219
-398.42572021484375
-300.3579406738281
-378.7869873046875
-469.9934387207031
-390.7633972167969
-332.8680114746094
-379.75347900390625
-382.5628356933594
-348.3468322753906
-387.1688537597656
-379.0154724121094
-456.5606384277344
-257.39013671875
-294.0584716796875
-394.9314270019531
-498.7445068359375
-361.2875671386719
-406.116455078125
-407.1979675292969
-358.9419250488281
-358.76275634765625
-365.8230895996094
-312.2427673339844
-297.1934814453125
-303.9727783203125
-259.65185546875
-442.8345031738281
-457.29962158203125
-563.2227172851562
-392.6430969238281
-435.5690002441406
-332.11761474609375
-472.5625915527344
-305.5490417480469
-470.1956481933594
-301.65228271484375
-547.6046752929688
-496.42724609375
-362.6916198730469
-372.8142395019531
-246.1230010986328
-332.1842041015625
-359.0150451660156
-510.8653259277344
-588.9066162109375
-394.4608154296875
-351.1003723144531
-401.48028564453125
-475.8221435546875
-367.82525634765625
-406.46588134765625
-346.5646667480469
-411.5834045410156
-652.6275634765625
-300.3942565917969
-348.44256591796875
-439.22174072265625
-377.2746887207031
