0.024487931728363038
0.06288233280181885
0.09827683448791504
0.03203992366790771
0.06317091941833496
0.2131778335571289
0.022722692489624025
0.0638185453414917
0.02666200876235962
0.05010910511016846
0.09667811393737794
0.028679065704345703
0.020021982192993164
0.04422022819519043
0.06373203277587891
0.03621492624282837
0.28194465637207033
0.06495070934295655
0.020648634433746337
0.031148180961608887
0.03346510648727417
0.08461947441101074
0.025205614566802977
0.030586826801300048
0.022017321586608886
0.046034507751464844
0.10052543640136719
0.027650182247161866
0.053085765838623046
0.085081787109375
0.13747095108032226
0.11476046562194825
0.03564231872558594
0.04179783821105957
0.02006598949432373
0.02283158302307129
0.02042632341384888
0.040672740936279296
0.028989696502685548
0.0505686616897583
0.023471906185150146
0.13054468154907226
0.0844806957244873
0.023839020729064943
0.07534372329711914
0.06642052173614502
0.02942161798477173
0.04101996421813965
0.021187071800231935
0.11811694145202636
0.0460351037979126
0.043176155090332034
0.027956433296203613
0.028906550407409668
0.023662216663360595
0.020234072208404542
0.08316203117370606
0.03534165143966675
0.04629368305206299
0.10974732398986817
0.07632586002349853
0.040677247047424314
0.024871182441711426
0.024987609386444093
0.07241893768310546
0.02504418611526489
0.09896263122558593
0.15484655380249024
0.028761715888977052
0.039059414863586425
0.1647304916381836
0.13731844902038573
0.04503545761108398
0.049826011657714844
0.02003542423248291
0.0322636866569519
0.022525534629821778
0.020193610191345215
0.028374347686767578
0.15561676025390625
0.06837464809417725
0.020250132083892824
0.03460784912109375
0.07368496894836425
0.07263111591339111
0.08882198333740235
0.02003542423248291
0.05810140609741211
0.05175607204437256
0.02251462697982788
0.090025634765625
0.023344650268554687
0.02848189353942871
0.036614575386047364
0.14299447059631348
0.021172924041748045
0.03033912420272827
0.03488539695739746
0.037682175636291504
0.03652072906494141
0.062357797622680664
0.09168733596801758
0.04408744335174561
0.03997923135757446
0.03533799409866333
0.02
0.020198359489440917
0.02
0.06583618640899658
0.022834343910217283
0.05530058860778809
0.05378482818603516
0.05809333801269531
0.06090728759765625
0.02840322971343994
0.04687553882598877
0.02358250617980957
0.033726649284362795
0.021537976264953615
0.02163522958755493
0.021977956295013427
0.020479726791381835
0.08807294845581054
0.02503406047821045
0.08031344413757324
0.08981371879577636
0.06663731098175049
0.0559031867980957
0.08919330596923829
0.04209007263183594
0.02093285083770752
0.07098291397094726
0.024611339569091797
0.11101446151733399
0.09683484077453614
0.11054844856262207
0.08037376403808594
0.10149442672729492
0.03922944068908692
0.03017068862915039
0.06138172626495361
0.04185272216796875
0.02942929983139038
0.04038985729217529
0.0662559700012207
0.1085923194885254
0.08920667648315429
0.03402424812316895
0.02823543071746826
0.043421993255615236
0.09006144523620606
0.1780793571472168
0.12261253356933594
0.052083425521850586
0.07934242725372315
0.038296136856079105
0.03052704334259033
0.09908066749572754
0.04307780742645264
0.10794499397277832
0.05801056385040283
0.031697020530700684
0.15040623664855957
0.12116844177246094
0.020262577533721925
0.02674049139022827
0.04777754306793213
0.08211172103881836
0.02135772705078125
0.04871703624725342
0.16818567276000976
0.11077266693115234
0.03710911512374878
0.10125706672668457
0.14311692237854004
0.08741350173950195
0.021199815273284912
0.021171395778656007
0.11944068908691406
0.05231789112091065
0.04168296337127685
0.021738176345825196
0.21309995651245117
0.020471160411834718
0.10523938179016114
0.04756937026977539
0.06727094650268554
0.0428201150894165
0.08340993881225586
0.08056031227111816
0.10256140708923339
0.05127771377563477
0.11247681617736817
0.1025914764404297
0.08369902610778808
0.07690451622009277
0.10346702575683593
0.2602124786376953
0.038602895736694336
0.051161603927612306
0.02643386125564575
0.037159814834594726
0.07761854648590089
0.10772675514221192
0.051948108673095704
0.02811121702194214
0.02838513135910034
0.10883612632751465
0.10039959907531738
0.022665903568267823
0.024128172397613525
0.02561279058456421
0.05211551189422607
0.03989463090896606
0.07977471828460693
0.04113733768463135
0.1211179542541504
0.07812209606170654
0.10301721572875977
0.08047565460205078
0.04004624366760254
0.07785611629486083
0.08370833396911621
0.09425522804260254
0.044267067909240725
0.06281198978424073
0.09833637237548828
0.04356032371520996
0.06771684646606445
0.11303908348083497
0.024323630332946777
0.02206058979034424
0.050617094039916995
0.14641112327575684
0.04538405418395996
0.1267276096343994
0.02800560712814331
0.08398163795471192
0.15080836296081543
0.1661258316040039
0.07627831935882569
0.07839934349060058
0.05468459129333496
0.08150911331176758
0.1084306812286377
0.021483237743377685
0.06465982913970947
0.055507445335388185
0.08655400276184082
0.030925703048706055
0.15826725959777832
0.08556373596191406
0.09723337173461914
0.13142473220825196
0.07099486827850342
0.020629796981811523
0.1834433937072754
0.056810855865478516
0.07519944667816163
0.026562762260437012
0.020209643840789795
0.08252918243408203
0.05201253890991211
0.17912940979003905
0.16702260971069335
0.06460578441619873
0.14786847114562987
0.024500939846038818
0.1022566795349121
0.10346624374389649
0.027651941776275633
0.024801363945007326
0.06710466861724854
0.025347390174865723
0.07684624195098877
0.06343765735626221
0.10338643074035644
0.12069404602050782
0.09675437927246094
0.07076512813568116
0.05942685127258301
0.11151578903198242
0.08508967399597168
0.06721580982208251
0.08517902374267577
0.026783924102783203
0.047703580856323244
0.06702175140380859
0.04081260681152344
0.06155618190765381
0.11202008247375489
0.03477487325668335
0.04010724544525147
0.06601915359497071
0.17988510131835939
0.08180582046508789
0.09182265281677246
0.20613924026489258
0.06119541168212891
0.1268204116821289
0.10105199813842773
0.09808790206909179
0.08814321517944336
0.07891488552093506
0.024382801055908204
0.07695923805236816
0.025696048736572264
0.03333333253860474
0.02190406322479248
0.1424318027496338
0.0784098482131958
0.04972494602203369
0.05405817985534668
0.12775134086608886
0.10179156303405762
0.05402899742126465
0.09479013442993164
0.09721695899963378
0.026574692726135253
0.1973172378540039
0.353761100769043
0.1602935028076172
0.03724921464920044
0.11780454635620118
0.14704195022583008
0.0989475154876709
0.024774374961853026
0.09098932266235352
0.03312519311904907
0.06914144039154052
0.03790219306945801
0.05753631114959717
0.19969125747680663
0.15809476852416993
0.04209960460662842
0.10182794570922851
0.022603166103363038
0.06702446460723877
0.10695076942443847
0.05305419445037842
0.10600751876831055
0.17888833999633788
0.09768194198608399
0.1487578582763672
0.10294654846191406
0.06014469623565674
0.0741581916809082
0.08627944946289062
0.19019739151000978
0.10619230270385742
0.07564868450164795
0.06090073585510254
0.13467103004455566
0.0506468391418457
0.11523496627807617
0.10812178611755371
0.1646311378479004
0.021852874755859376
0.136734561920166
0.08758747100830078
0.028259541988372803
0.08880393028259277
0.05918331146240234
0.031120777130126953
0.0988971996307373
0.05390832901000977
0.08329485893249512
0.07809226036071777
0.2105929183959961
0.05512616634368896
0.032941076755523685
0.05881298542022705
0.059003992080688475
0.029836597442626952
0.1336215877532959
0.03619597911834717
0.07345954418182372
0.10147923469543457
0.1851559066772461
0.06522370338439941
0.05534101486206055
0.10682597160339355
0.12380852699279785
0.07872641086578369
0.06716830730438232
0.15921172142028808
0.12334851264953613
0.021894958019256592
0.1256723690032959
0.11895350456237792
0.06760026931762696
0.1606936264038086
0.09824643135070801
0.11083672523498535
0.027618274688720704
0.1335064697265625
0.11212884902954101
0.030501646995544432
0.06232999801635742
0.18926586151123048
0.12826066017150878
0.029893863201141357
0.16617389678955077
0.11120211601257324
0.10915790557861328
0.07844364166259765
0.1048343849182129
0.10152474403381348
0.07028873443603516
0.09699877738952636
0.11086181640625
0.13621177673339843
0.04247621536254883
0.0981661033630371
0.03883228302001953
0.17737154006958009
0.11552205085754394
0.0657338571548462
0.1391714859008789
0.06981081485748292
0.13080191612243652
0.1064798641204834
0.054674410820007326
0.10063047409057617
0.06508166313171387
0.06659817695617676
0.05174900531768799
0.02557406187057495
0.14841456413269044
0.06254028797149658
0.023404726982116698
0.09744288444519043
0.022339179515838622
0.03503766775131226
0.20178319931030272
0.0859457015991211
0.08411593437194824
0.12931978225708007
0.1799136734008789
0.09030911445617676
0.04150986194610596
0.14793270111083984
0.03787386655807495
0.04946444034576416
0.05765572547912598
0.07122569561004638
0.15557703971862794
0.04743131160736084
0.04261734485626221
0.1614024543762207
0.08688630104064941
0.09629456520080566
0.07324456691741943
0.046455883979797365
0.19355731964111328
0.16751176834106446
0.05254846572875976
0.06216208457946777
0.08924477577209472
0.085625
0.08611867904663086
0.04728116512298584
0.07622301578521729
0.13415873527526856
0.10331634521484374
0.12433034896850587
0.09948108673095703
0.12804247856140136
0.06031444072723389
0.07214746475219727
0.15494988441467286
0.12539254188537596
0.023735282421112062
0.09012224197387696
0.06786462306976318
0.03691291332244873
0.1116252326965332
0.26749147415161134
0.03175999879837036
0.07488248825073242
0.24238311767578125
0.04994009494781494
0.1056771469116211
0.05407483577728271
0.029634389877319336
0.19238245010375976
0.11774847030639649
0.056583342552185056
0.1101066780090332
0.050499467849731444
0.1227125072479248
0.09369529724121094
0.07784670352935791
0.02247095823287964
0.17836614608764648
0.025401885509490966
0.20499317169189454
0.025823321342468262
0.16361852645874023
0.15701878547668457
0.06396778583526612
0.04312036991119385
0.06067753791809082
0.15547825813293456
0.08336691856384278
0.06771407127380372
0.10659408569335938
0.061611566543579105
0.1057956314086914
0.05335509777069092
0.054798550605773926
0.09868790626525879
0.14875802040100097
0.1295919418334961
0.1873491859436035
0.08115634918212891
0.03402117252349854
0.12231236457824707
0.1120219326019287
0.0320124077796936
0.10073616027832032
0.17631954193115235
0.05941158294677734
0.05516176700592041
0.08480883598327636
0.06513404369354248
0.06368473529815674
0.09553567886352539
0.0398312520980835
0.061030244827270506
0.2457866668701172
0.04828946590423584
0.09552486419677735
0.09415914535522461
0.1104171085357666
0.08053628921508789
0.06163098335266113
0.020345354080200197
0.20156221389770507
0.16328950881958007
0.15100010871887207
0.2484763526916504
0.11004899024963379
0.14054920196533202
0.15129581451416016
0.08851318359375
0.15577541351318358
0.18230365753173827
0.0281976056098938
0.11421587944030762
0.17508600234985353
0.020218353271484375
0.07236393928527832
0.06704658508300781
0.03376587152481079
0.22032054901123047
0.07399130821228027
0.09610758781433106
0.15842850685119628
0.06307157516479492
0.08338546752929688
0.05704523086547852
0.030835516452789306
0.11358799934387206
0.03495603322982788
0.1494584560394287
0.21680253982543946
0.1743316650390625
0.08433648109436036
0.024892940521240234
0.122976655960083
0.09215267181396485
0.061893858909606934
0.06809450626373291
0.12017354965209961
0.038570563793182376
0.05489316463470459
0.09533465385437012
0.09892246246337891
0.09017712593078614
0.14091425895690918
0.12961357116699218
0.16948392868041992
0.054110202789306644
0.19398796081542968
0.11831982612609863
0.15283265113830566
0.15331149101257324
0.10727915763854981
0.06613589763641357
0.11840791702270508
0.09105528831481934
0.04697400093078613
0.03231104373931885
0.23597684860229493
0.1368289566040039
0.22902214050292968
0.20898954391479493
0.11091828346252441
0.055263762474060056
0.03956746339797974
0.05437617301940918
0.07233856678009033
0.07179931163787842
0.08772220611572265
0.10483969688415527
0.06466825008392334
0.04980865955352783
0.04666761875152588
0.07005353450775147
0.06567673683166504
0.03668573141098022
0.08026840209960938
0.08199453353881836
0.15583118438720703
0.06396181106567383
0.13970359802246093
0.08580217361450196
0.05369654655456543
0.10817289352416992
0.07918370723724365
0.048928418159484864
0.203160343170166
0.06496817111968994
0.056237168312072754
0.2193545150756836
0.1947297477722168
0.11794054985046387
0.17465534210205078
0.11550291061401367
0.07385895252227784
0.12505784034729003
0.04010803699493408
0.13270915985107423
0.14926899909973146
0.032329390048980715
0.0837428092956543
0.10356037139892578
0.19453088760375978
0.21815788269042968
0.2009318733215332
0.22066106796264648
0.0995181655883789
0.05438135147094727
0.05576540470123291
0.26219160079956055
0.0367888617515564
0.12029401779174805
0.0378491473197937
0.05968854427337646
0.16252674102783204
0.21498851776123046
0.030801022052764894
0.04873958110809326
0.10592452049255371
0.10809762001037598
0.06672340393066406
0.039227120876312256
0.10722987174987793
0.0796894645690918
0.043633742332458494
0.18954038619995117
0.09694995880126953
0.059842004776000976
0.1364421844482422
0.0871792984008789
0.04026350975036621
0.10619041442871094
0.07468468189239502
0.03887146472930908
0.058266944885253906
0.1041866683959961
0.13512770652770997
0.06594172954559326
0.112368745803833
0.07375024318695068
0.07229501724243165
0.044005722999572755
0.1680129051208496
0.09443122863769532
0.12543389320373535
0.08227860450744628
0.16939865112304686
0.07558578014373779
0.07774703979492187
0.2750992202758789
0.03884362936019897
0.12660672187805175
0.16110069274902344
0.11683487892150879
0.10944003105163574
0.1278839588165283
0.11022319793701171
0.10709539413452149
0.10530013084411621
0.06361796855926513
0.05745782852172852
0.1076380729675293
0.15410768508911132
0.05860374927520752
0.050693211555480955
0.09509407043457031
0.13349105834960937
0.06355291366577148
0.11646686553955078
0.27183040618896487
0.0832089900970459
0.08552190780639649
0.1464739227294922
0.1422865867614746
0.043832402229309085
0.1840500831604004
0.25799118041992186
0.04288121223449707
0.3132419204711914
0.07510406970977783
0.15898899078369141
0.14339977264404297
0.08001025199890137
0.15793680191040038
0.12286179542541503
0.10402411460876465
0.11906676292419434
0.09951292037963867
0.04940208911895752
0.12857454299926757
0.05313064098358154
0.024102976322174074
0.13107888221740724
0.27221960067749024
0.12272907257080078
0.08494584083557129
0.06911686897277831
0.17824832916259767
0.053487534523010256
0.11210781097412109
0.027200956344604493
0.18235214233398436
0.09820675849914551
0.14363722801208495
0.2555803108215332
0.16437366485595703
0.13311321258544923
0.22203907012939453
0.06009214878082275
0.05120834350585937
0.08565443038940429
0.05284717559814453
0.1942472267150879
0.16072172164916992
0.12336382865905762
0.047200617790222166
0.04299014568328857
0.17536506652832032
0.0423267936706543
0.05132838249206543
0.045382633209228515
0.03202053546905517
0.11305073738098144
0.03054751396179199
0.1387554931640625
0.04783626556396484
0.0416425085067749
0.0694459867477417
0.033640112876892087
0.18452857971191405
0.1121988296508789
0.11745525360107421
0.13280518531799315
0.09805635452270507
0.061673521995544434
0.14250765800476073
0.058486108779907224
0.10544662475585938
0.10141396522521973
0.06571357250213623
0.10295036315917969
0.05994040489196777
0.04366650104522705
0.16146690368652344
0.1367348289489746
0.023695785999298096
0.09765162467956542
0.24870285034179687
0.06381011009216309
0.09737958908081054
0.1845548439025879
0.17908456802368164
0.10615422248840332
0.0939186954498291
0.05996985912322998
0.046537976264953616
0.1405537223815918
0.1251212978363037
0.03538933277130127
0.08510177612304687
0.045127887725830075
0.03604734420776367
0.18856298446655273
0.09173029899597168
0.22811010360717773
0.08014678001403809
0.05582005500793457
0.11035630226135254
0.06261289596557618
0.056701884269714356
0.10273768424987793
0.13258689880371094
0.0771302843093872
0.1663144874572754
0.04013459205627441
0.11468942642211914
0.15145853996276856
0.1165065574645996
0.05678961753845215
0.11768939018249512
0.1731713104248047
0.07568297386169434
0.18201675415039062
0.2291280746459961
0.1708023452758789
0.02332721471786499
0.14971074104309082
0.09869686126708985
0.07543171882629394
0.07236310005187989
0.055279388427734374
0.19881309509277345
0.035185978412628174
0.10706186294555664
0.03334141731262207
0.20623641967773437
0.08008794784545899
0.042172932624816896
0.17651720046997071
0.10962738037109375
0.07157678127288819
0.09679644584655761
0.09662991523742676
0.1211180591583252
0.17250551223754884
0.19428964614868163
0.21948837280273437
0.0641327953338623
0.04858466148376465
0.13641072273254395
0.08127118110656738
0.05721942901611328
0.1939232063293457
0.09679883003234863
0.16035213470458984
0.03009531497955322
0.15349842071533204
0.2726328086853027
0.23259218215942382
0.02532530069351196
0.12298839569091796
0.04476217746734619
0.04584327220916748
0.15597768783569335
0.11246088027954101
0.17347322463989256
0.10984529495239258
0.08893748283386231
0.14512624740600585
0.2615683937072754
0.11253793716430664
0.06373849391937256
0.06992633819580078
0.1072856330871582
0.06255573272705078
0.1066848373413086
0.10734959602355958
0.07090402126312256
0.06927589893341064
0.08417885780334472
0.1586114978790283
0.23074014663696288
0.1272146224975586
0.08073088645935059
0.20825952529907227
0.11836211204528808
0.09665350914001465
0.17799097061157226
0.0778481912612915
0.11013394355773926
0.1604072380065918
0.07817008972167969
0.20401472091674805
0.11168441772460938
0.1021225929260254
0.07215004444122314
0.13851004600524902
0.0472795295715332
0.10364359855651856
0.057481722831726076
0.09025309562683105
0.11690994262695313
0.050763936042785646
0.17376440048217773
0.10803150177001954
0.07949021339416504
0.08687208175659179
0.038751795291900634
0.13002314567565917
0.08670071601867675
0.13299367904663087
0.0512550687789917
0.027091166973114013
0.06476045608520507
0.06313967704772949
0.0296710205078125
0.06706645965576172
0.025051229000091553
0.11293451309204101
0.1875588035583496
0.08586112022399903
0.13936690330505372
0.05214727401733398
0.07088094234466552
0.19104345321655272
0.07461889743804932
0.06542020320892333
0.06169604778289795
0.04986475944519043
0.0576298999786377
0.07977918624877929
0.08570138931274414
0.14811532974243163
0.022833900451660158
0.09320181846618653
0.15932958602905273
0.1670846939086914
0.13251436233520508
0.1449318790435791
0.026572957038879394
0.3012657356262207
0.12017202377319336
0.10939534187316895
0.09135882377624512
0.2111053466796875
0.13344212532043456
0.14900519371032714
0.07918463230133056
0.08553041458129883
0.0435835075378418
0.1250433349609375
0.16820306777954103
0.08378962516784667
0.06930985927581787
0.18840593338012696
0.02883291244506836
0.0379694390296936
0.19480043411254883
0.09315778732299805
0.05635608196258545
0.05789498329162598
0.06170666217803955
0.13258572578430175
0.08333240509033203
0.17578863143920898
0.08293787956237793
0.09770466804504395
0.04320343971252441
0.11614593505859375
0.1800855827331543
0.09799563407897949
0.06311092376708985
0.07588991165161132
0.030991823673248292
0.0822994613647461
0.24387533187866212
0.16588563919067384
0.25355766296386717
0.12402242660522461
0.1094287109375
0.12589030265808104
0.10806694984436035
0.37565719604492187
0.19261201858520507
0.0456791877746582
0.040354318618774414
0.12981757164001465
0.1516068172454834
0.07326902389526367
0.09391767501831055
0.07810008525848389
0.07150563240051269
0.10835044860839843
0.11809844970703125
0.08752248764038086
0.08129279136657715
0.050475759506225584
0.05887143611907959
0.09320796966552734
0.1437244987487793
0.11938481330871582
0.1805192756652832
0.1078511905670166
0.08489473342895508
