540.1776733398438
482.808349609375
1012.198974609375
716.5331420898438
704.746337890625
814.7113037109375
673.4876708984375
563.2384033203125
643.24853515625
421.05047607421875
477.8717041015625
598.5789794921875
847.927978515625
1163.981201171875
516.7779541015625
729.599853515625
654.7026977539062
1107.80615234375
732.3053588867188
1083.604736328125
711.3331909179688
1044.6728515625
1651.942138671875
599.8555908203125
959.2161254882812
1452.535888671875
960.5753173828125
1253.6231689453125
1950.169189453125
996.9964599609375
1832.298583984375
1541.8529052734375
1223.682373046875
1218.47021484375
780.7993774414062
1262.099609375
1725.2337646484375
1096.993408203125
1632.826416015625
1501.2254638671875
1053.659912109375
2439.159423828125
692.9620971679688
1497.209716796875
1258.355224609375
1828.8277587890625
850.9898681640625
1671.67822265625
1035.254150390625
1465.561767578125
1294.57275390625
2049.56103515625
1008.4879150390625
1153.05810546875
1120.1328125
1149.15234375
971.1307373046875
948.0001831054688
1099.7314453125
1559.9981689453125
1272.4256591796875
1007.965087890625
912.1007080078125
1090.579833984375
1194.357177734375
1079.1104736328125
926.2349853515625
981.09423828125
1422.6390380859375
1852.5595703125
1716.62646484375
2186.19677734375
1141.719970703125
1656.707275390625
1416.2972412109375
1026.9052734375
1540.0238037109375
1370.058837890625
1413.1864013671875
1313.7802734375
1183.9508056640625
1381.578369140625
1954.380615234375
1619.1097412109375
2301.02001953125
1554.4945068359375
1356.722900390625
2794.839111328125
2836.33984375
4798.357421875
1775.4127197265625
3794.75537109375
5143.6796875
3433.96826171875
2649.376953125
2811.59423828125
2904.2978515625
2644.31005859375
1778.033935546875
2734.14111328125
4596.00830078125
2714.120361328125
1578.836181640625
2198.810302734375
1825.980224609375
3052.5
3993.17236328125
1489.705322265625
2958.37353515625
1835.6512451171875
1553.144775390625
1298.499267578125
1471.249267578125
1240.41162109375
820.5794677734375
1319.671630859375
1292.911376953125
1474.390380859375
975.2105712890625
1442.501953125
1173.9010009765625
1261.0447998046875
1885.5093994140625
1138.0404052734375
1551.8583984375
1172.516357421875
610.6575927734375
1550.702880859375
1307.5133056640625
975.547607421875
1829.113525390625
1554.3431396484375
1455.906494140625
1245.8447265625
1166.042724609375
1451.849853515625
1208.08740234375
989.8242797851562
912.9007568359375
971.0436401367188
1365.1759033203125
1218.0986328125
912.3805541992188
1227.966064453125
1193.599853515625
1541.69677734375
1345.7012939453125
1359.8052978515625
1585.714599609375
1642.7012939453125
724.2110595703125
1016.4470825195312
1184.07080078125
1680.701904296875
1256.97265625
1322.635986328125
1051.623046875
1291.950439453125
1145.2822265625
1371.5770263671875
1012.31298828125
984.3773193359375
835.289794921875
1372.115966796875
540.838623046875
1549.0875244140625
888.112060546875
1094.395263671875
958.3048095703125
1019.0020141601562
1063.7723388671875
1537.7188720703125
1583.065185546875
1177.578369140625
746.1484375
1176.7957763671875
1626.81201171875
876.4718017578125
1004.3446655273438
2100.617431640625
1271.5606689453125
1646.123291015625
844.1364135742188
2760.5517578125
952.9822998046875
1542.615966796875
1996.5074462890625
2170.750732421875
2676.075439453125
1576.7314453125
1232.7200927734375
1432.3167724609375
1936.9833984375
1097.8519287109375
1287.73681640625
1383.004638671875
1494.310791015625
992.253662109375
1870.7471923828125
2447.26953125
1268.5618896484375
1821.1329345703125
1001.79150390625
1139.055419921875
1410.532470703125
2457.438720703125
2702.962890625
1527.3670654296875
1209.1163330078125
1681.9237060546875
1851.1246337890625
1121.3516845703125
1556.9296875
1810.06591796875
1334.4786376953125
1360.11279296875
1921.39599609375
1753.269775390625
1812.739013671875
2373.7646484375
2088.462890625
1331.8486328125
2207.0205078125
1872.57861328125
3144.8017578125
4833.802734375
2850.500732421875
2833.203125
3037.610595703125
4315.525390625
4175.298828125
3772.8310546875
3333.625732421875
3452.705078125
2250.979736328125
2695.733154296875
2612.369873046875
4065.44189453125
1762.86083984375
2710.817138671875
2244.06005859375
1365.8037109375
1916.2967529296875
3081.005859375
2633.46826171875
3822.98486328125
2757.973388671875
2775.676025390625
1372.9234619140625
1608.695068359375
4539.22021484375
2247.492919921875
2996.30322265625
4312.6162109375
2029.5478515625
3941.008544921875
2359.974365234375
3924.713134765625
4119.7431640625
999.0349731445312
3836.1494140625
1411.3565673828125
2654.18701171875
1881.5439453125
988.6802368164062
3160.14306640625
1499.6617431640625
4813.93994140625
1773.0328369140625
2155.890380859375
2391.703369140625
3564.51708984375
3455.259033203125
1852.6611328125
1564.661865234375
2098.045654296875
1837.40966796875
1518.2503662109375
2313.280029296875
1051.6358642578125
1953.7681884765625
2736.03369140625
1701.4241943359375
1832.62646484375
1483.5589599609375
1038.015625
1480.3365478515625
1610.7686767578125
1359.5191650390625
1221.69140625
1742.50439453125
1269.044189453125
2260.544677734375
1688.9908447265625
1563.9208984375
1031.17041015625
1778.1739501953125
1361.0823974609375
2954.060546875
2497.69580078125
1889.698486328125
1014.46923828125
1570.1280517578125
2250.23046875
885.7535400390625
2091.688232421875
1839.9130859375
963.0479125976562
933.99560546875
1977.3514404296875
2163.50634765625
1270.7667236328125
1110.55224609375
1146.883544921875
1147.5299072265625
1260.7421875
1194.0184326171875
1186.824462890625
1449.90478515625
1198.27294921875
947.1832275390625
669.0610961914062
861.0892333984375
991.59130859375
2261.251708984375
1654.603271484375
2278.260009765625
2509.99951171875
660.8717041015625
3766.02783203125
2559.364501953125
787.072998046875
4238.14453125
3288.662109375
1372.72412109375
1286.81396484375
1846.8326416015625
12255.482421875
9811.4619140625
9035.3154296875
1892.40966796875
33723.30078125
9891.58203125
2592.601806640625
25281.658203125
7156.9619140625
7597.6533203125
11491.865234375
22799.8125
20335.396484375
11129.859375
2195.8447265625
5529.4326171875
7626.89111328125
1392.046875
1699.7923583984375
3265.966552734375
7119.07421875
2140.1923828125
1569.3306884765625
1300.2354736328125
6056.59814453125
1600.107666015625
699.3702392578125
1046.6951904296875
7049.345703125
8952.345703125
2263.8291015625
4820.9951171875
1958.51904296875
3076.468017578125
1320.1304931640625
1152.0269775390625
4659.3662109375
17143.22265625
2429.08837890625
7085.19921875
7512.4169921875
12523.6953125
2895.80322265625
3118.615234375
1137.9569091796875
5499.365234375
2780.421875
1639.603271484375
3425.841552734375
2451.00439453125
1838.7449951171875
1689.2088623046875
1878.4710693359375
1085.7618408203125
2042.1646728515625
1618.7401123046875
2561.076904296875
1034.9974365234375
3383.340087890625
1166.0718994140625
893.7626953125
1825.36572265625
1309.8656005859375
1299.392578125
989.9722900390625
1029.2796630859375
892.7841186523438
1140.845703125
1299.0474853515625
1219.2861328125
1538.3232421875
1785.82470703125
1486.065673828125
1238.6942138671875
1481.01318359375
934.4114379882812
844.6029052734375
1430.435791015625
1727.43994140625
2124.807373046875
1421.28759765625
1211.83056640625
1197.9400634765625
962.6055908203125
2757.30810546875
1721.029296875
1760.8824462890625
1330.182373046875
1141.7716064453125
2381.315185546875
1776.4085693359375
1648.4140625
1550.468505859375
3199.159912109375
2614.388427734375
2519.243408203125
2300.040771484375
2891.074462890625
3542.306396484375
4161.0908203125
3322.568359375
2410.900146484375
4119.1708984375
2996.315185546875
4202.99072265625
7550.412109375
6126.31396484375
4014.011962890625
6105.5673828125
7895.90771484375
6704.71875
4489.83544921875
13959.115234375
5944.54296875
2648.93896484375
7056.8232421875
14626.4091796875
13379.2109375
98207.8125
24844.103515625
107543.0546875
102215.8515625
144333.375
59790.93359375
328001.90625
254754.359375
37349.5546875
46599.39453125
246097.765625
52365.90234375
45739.609375
216509.875
18548.650390625
189276.078125
165100.875
139848.296875
195273.578125
157675.75
58323.41015625
235287.765625
41459.421875
310042.1875
13813.4716796875
8363.8916015625
195013.453125
292409.0625
102077.390625
9634.5732421875
26631.900390625
8182.404296875
4574.0703125
98792.9921875
114078.7421875
7047.83837890625
29003.060546875
85076.78125
6560.296875
71840.7890625
13864.890625
2802.508056640625
44454.3046875
15607.697265625
30417.76953125
42415.7109375
12981.2421875
5689.32470703125
24927.720703125
90765.78125
3731.867919921875
64981.4140625
3358.937255859375
38086.3515625
26870.978515625
12460.787109375
93016.90625
94640.0703125
53089.109375
4188.86572265625
12925.810546875
43842.13671875
1688.4876708984375
44522.05859375
60920.65625
1896.07666015625
5186.55908203125
5422.111328125
14694.5234375
14065.7919921875
11788.4208984375
14518.80859375
3204.5654296875
4052.70458984375
27643.2578125
4407.55908203125
23115.755859375
4569.44921875
3502.926513671875
3994.83740234375
3367.1181640625
21031.6875
31363.158203125
5651.80126953125
17278.865234375
3104.41455078125
5364.38232421875
13445.0205078125
27146.490234375
14094.6572265625
26756.15625
12651.0546875
11627.265625
1027.6734619140625
7299.927734375
2950.750244140625
1596.2645263671875
4877.888671875
2676.6396484375
1824.089111328125
20989.76171875
1269.8477783203125
1009.1535034179688
4629.7021484375
16546.013671875
2620.719970703125
4479.39697265625
28415.349609375
24105.046875
6553.900390625
31947.84375
2457.04736328125
2844.476806640625
24973.146484375
2541.7353515625
36996.953125
2362.602783203125
23880.25390625
1908.4693603515625
2617.73828125
1231.148193359375
4402.763671875
20943.916015625
1541.9693603515625
22257.009765625
12584.1298828125
21816.2890625
13026.7587890625
3608.294921875
58778.703125
12727.6630859375
11539.0751953125
3140.669921875
2739.8427734375
40631.13671875
44842.734375
120497.2265625
1654.2879638671875
9674.6337890625
62130.26953125
14042.9541015625
2269.46728515625
79356.2265625
2616.66162109375
2671.923828125
21736.91015625
359918.78125
11468.970703125
7049.185546875
63799.55859375
76581.0546875
1396.4912109375
4873.53759765625
15383.7080078125
667.3323974609375
7950.20849609375
14576.009765625
7374.2978515625
3070.16796875
785.7879638671875
4266.60205078125
6840.98291015625
731.6043701171875
4131.50634765625
1499.8790283203125
9492.3759765625
12114.171875
11115.0234375
849.5047607421875
5770.498046875
3007.84228515625
1206.39990234375
1562.1746826171875
22572.56640625
22323.623046875
2901.29248046875
6296.28759765625
8834.2890625
1967.86083984375
45286.953125
2329.935302734375
1725.505615234375
54658.4609375
46739.90625
16872.892578125
3782.560546875
10261.3359375
34253.7578125
1022.5904541015625
1346.11328125
13557.1044921875
776.7484130859375
3136.6884765625
1022.245849609375
3387.773193359375
1159.519775390625
278582.59375
48981.7578125
662.5165405273438
54389.05859375
193648.53125
8978.279296875
2905.40673828125
1628.0172119140625
325594.65625
78260.0390625
183152.15625
113345.234375
122079.078125
945.9178466796875
2890.76806640625
4589.3916015625
52903.68359375
17851.60546875
2371.56494140625
852.9935302734375
1239.2344970703125
11392.5625
516.572998046875
795.9923095703125
5636.068359375
3282.374267578125
7089.296875
948.8023681640625
1718.1689453125
3200.37841796875
664.4041137695312
665.443115234375
824.1239624023438
501.4692077636719
3576.88427734375
1250.52197265625
1450.6123046875
511.4276123046875
893.0814208984375
1321.72998046875
734.6768798828125
930.11962890625
1009.5709228515625
1005.311767578125
2144.913330078125
669.6411743164062
793.5689086914062
1410.3819580078125
946.8399047851562
2009.389892578125
1386.4949951171875
1148.81591796875
2136.26220703125
589.8297729492188
586.6900024414062
3320.369873046875
675.3888549804688
565.1242065429688
812.703369140625
1366.4615478515625
731.1131591796875
3156.897705078125
685.7354736328125
859.8441772460938
671.88427734375
532.0302734375
2096.06298828125
782.7886962890625
1208.241455078125
848.9647216796875
2077.09716796875
633.1529541015625
815.9239501953125
1312.426025390625
689.11181640625
740.6642456054688
1262.2000732421875
1296.1036376953125
1059.842041015625
1188.581787109375
837.0032958984375
729.05908203125
534.0904541015625
956.2484741210938
1002.011474609375
962.1363525390625
543.7972412109375
1320.413330078125
1290.1429443359375
1609.906005859375
1280.250732421875
944.1845703125
705.52392578125
618.5125122070312
1190.32421875
667.5343017578125
829.404296875
416.0066223144531
486.5791015625
857.6869506835938
2517.206298828125
855.5174560546875
1822.15966796875
1087.6529541015625
754.7327270507812
1821.2392578125
2072.375732421875
852.8992309570312
4266.24609375
2593.633056640625
2761.574462890625
2247.86181640625
1058.9615478515625
1215.3697509765625
2662.470947265625
1969.841064453125
1039.56640625
965.4906005859375
1066.599365234375
1367.5899658203125
1454.473388671875
1262.34814453125
1140.48046875
562.1460571289062
2152.607177734375
1213.0235595703125
1759.3612060546875
1607.828369140625
1136.7314453125
746.34130859375
947.3538818359375
574.4215087890625
778.86865234375
1260.2218017578125
1370.36669921875
659.9607543945312
806.4220581054688
1199.728271484375
336.1445007324219
725.9315185546875
433.44281005859375
920.9974975585938
417.2312927246094
552.2047119140625
578.9118041992188
459.2706298828125
429.46746826171875
350.27276611328125
373.19146728515625
454.870361328125
390.3921813964844
390.60186767578125
448.5532531738281
376.0997314453125
942.0699462890625
633.3971557617188
454.4812927246094
843.7916259765625
443.9094543457031
515.6400756835938
1380.1436767578125
526.9209594726562
366.98577880859375
646.1759033203125
433.9484558105469
557.587158203125
679.0020751953125
411.67816162109375
580.1944580078125
615.0906982421875
294.4293518066406
486.29559326171875
277.81396484375
465.0029602050781
514.4322509765625
461.9844970703125
691.5606689453125
551.6078491210938
418.4388122558594
509.21893310546875
1324.9246826171875
556.4928588867188
632.2408447265625
945.0640869140625
387.90185546875
489.4944763183594
971.7339477539062
1065.9642333984375
385.37725830078125
1299.1265869140625
991.9970703125
424.2937316894531
429.5569763183594
756.7722778320312
396.76080322265625
1354.7244873046875
385.1419982910156
375.896240234375
366.97247314453125
665.8363647460938
512.4384155273438
226.00624084472656
552.7833251953125
692.1035766601562
607.9712524414062
582.1880493164062
319.9486999511719
458.4507751464844
617.639892578125
128.10440063476562
283.5025634765625
294.2330322265625
583.3787231445312
691.754638671875
306.7406921386719
815.0535888671875
424.75140380859375
526.2867431640625
342.9824523925781
527.822265625
453.8575134277344
487.25555419921875
535.9071044921875
521.3419799804688
558.51513671875
270.3206787109375
854.10888671875
656.045654296875
777.3262329101562
664.0057373046875
525.703125
675.1286010742188
629.474609375
676.1389770507812
590.6426391601562
439.751953125
617.0772705078125
678.630615234375
664.181884765625
518.5039672851562
893.8565673828125
481.59332275390625
411.9934387207031
721.290283203125
661.9168701171875
777.1249389648438
766.955322265625
471.94647216796875
457.36712646484375
349.4797668457031
535.0611572265625
613.3509521484375
875.7698364257812
639.7534790039062
386.38006591796875
1214.3587646484375
1290.60595703125
935.7120361328125
427.5792541503906
777.10400390625
1201.122802734375
1945.4041748046875
1734.649658203125
454.8218078613281
743.6500854492188
463.8592529296875
1391.0897216796875
1403.658447265625
1303.186767578125
1659.871826171875
2094.32177734375
997.2341918945312
606.9281616210938
1736.3193359375
1754.696044921875
1855.445068359375
1670.0150146484375
1649.3072509765625
1700.21337890625
3655.75341796875
2665.576416015625
1382.1356201171875
2633.677734375
8155.8076171875
1444.8372802734375
8384.759765625
3516.390380859375
5055.9462890625
5568.19970703125
3653.320068359375
1469.14404296875
1250.8251953125
5472.525390625
6099.0400390625
4301.296875
6295.33251953125
4739.77685546875
5075.37451171875
3601.79345703125
4886.84765625
2504.2001953125
2890.61572265625
2970.153564453125
1903.166748046875
1337.8680419921875
1949.2080078125
4228.49560546875
3133.777587890625
3115.802978515625
2676.5908203125
3000.953369140625
767.8961181640625
894.463134765625
2327.569091796875
1744.060302734375
1960.904296875
1178.0032958984375
2045.559814453125
1309.631103515625
880.7392578125
1511.396728515625
1926.0665283203125
1595.9825439453125
939.4483032226562
1274.50439453125
2429.3837890625
1491.360595703125
1138.170166015625
1597.7418212890625
1823.6221923828125
1866.491943359375
1412.9090576171875
935.968505859375
1539.8983154296875
792.0570068359375
1080.463134765625
1307.462158203125
727.9183959960938
1673.1318359375
1525.1697998046875
1604.6370849609375
2030.021728515625
1993.15380859375
1419.254638671875
1311.0667724609375
1476.753662109375
1119.253662109375
2420.947265625
1636.7568359375
