-167.9132080078125
-166.82276916503906
-167.4564666748047
-169.07330322265625
-168.52178955078125
-165.1992645263672
-165.6768341064453
-169.18505859375
-166.34683227539062
-167.28724670410156
-166.3527374267578
-165.7270965576172
-166.68385314941406
-165.4063262939453
-167.20877075195312
-166.01556396484375
-165.3879852294922
-166.40504455566406
-165.23910522460938
-166.69589233398438
-164.24432373046875
-166.03981018066406
-165.09815979003906
-165.32553100585938
-166.68800354003906
-165.7186737060547
-164.89186096191406
-164.61895751953125
-165.41233825683594
-165.45956420898438
-165.1702117919922
-164.19537353515625
-164.7051239013672
-165.39437866210938
-164.61021423339844
-163.71221923828125
-163.62094116210938
-166.6571044921875
-162.34072875976562
-163.9138641357422
-164.99095153808594
-162.6338348388672
-165.20880126953125
-162.3607177734375
-163.4171600341797
-163.8821258544922
-163.95840454101562
-163.35104370117188
-162.05975341796875
-162.28936767578125
-162.1173553466797
-163.01710510253906
-162.62884521484375
-163.81890869140625
-161.94992065429688
-163.53155517578125
-163.15194702148438
-162.8513946533203
-162.96771240234375
-161.55068969726562
-163.1022491455078
-160.56118774414062
-162.93521118164062
-160.96803283691406
-160.8604736328125
-162.00057983398438
-160.908447265625
-163.40090942382812
-161.37875366210938
-160.6740264892578
-161.36988830566406
-160.3550262451172
-161.70245361328125
-159.01254272460938
-161.0290985107422
-160.02210998535156
-160.74154663085938
-161.0924835205078
-160.94888305664062
-160.55592346191406
-160.0418701171875
-160.09686279296875
-160.02682495117188
-160.25906372070312
-161.00930786132812
-159.3018035888672
-160.5257110595703
-161.3948211669922
-159.12872314453125
-159.9967498779297
-158.6835479736328
-159.62713623046875
-159.47686767578125
-160.40545654296875
-160.9859161376953
-157.05043029785156
-158.22122192382812
-158.07659912109375
-158.83731079101562
-159.70875549316406
-157.79144287109375
-157.66973876953125
-159.00167846679688
-158.60919189453125
-158.9059600830078
-159.73635864257812
-158.0234832763672
-158.5963897705078
-157.42227172851562
-157.9781951904297
-157.68553161621094
-158.56312561035156
-156.53390502929688
-158.44927978515625
-157.00904846191406
-158.75267028808594
-158.5677490234375
-155.85821533203125
-156.7708740234375
-156.52667236328125
-157.503173828125
-156.75283813476562
-157.37091064453125
-156.39654541015625
-156.08184814453125
-156.3208465576172
-155.4205780029297
-158.3905792236328
-157.55946350097656
-157.59072875976562
-158.2886962890625
-156.66807556152344
-156.1422882080078
-157.80828857421875
-157.73582458496094
-155.34104919433594
-155.85513305664062
-155.045166015625
-156.37091064453125
-154.93382263183594
-156.32269287109375
-155.52366638183594
-154.4832763671875
-157.00143432617188
-157.2432403564453
-154.71519470214844
-156.29666137695312
-155.9707489013672
-154.88516235351562
-155.15625
-155.74185180664062
-155.5417938232422
-155.29278564453125
-155.94915771484375
-155.99664306640625
-155.8139190673828
-155.58995056152344
-156.1309814453125
-153.8462677001953
-154.93637084960938
-154.42686462402344
-155.55865478515625
-154.23040771484375
-153.9794464111328
-154.91407775878906
-156.27224731445312
-154.77500915527344
-155.6571807861328
-155.5825958251953
-153.53216552734375
-154.82647705078125
-155.12637329101562
-154.48617553710938
-155.15719604492188
-155.4214630126953
-155.0835418701172
-153.4930419921875
-153.26730346679688
-153.76251220703125
-154.07391357421875
-154.9789581298828
-154.65016174316406
-153.95809936523438
-154.93255615234375
-153.88775634765625
-153.29624938964844
-153.88209533691406
-155.0113525390625
-153.62644958496094
-154.8675537109375
-154.4333953857422
-152.88961791992188
-153.92327880859375
-153.7532501220703
-154.16253662109375
-152.7589874267578
-152.88046264648438
-153.6938018798828
-152.97091674804688
-153.8993682861328
-153.89024353027344
-153.80787658691406
-153.17164611816406
-151.8587188720703
-152.8794403076172
-152.8426971435547
-152.9617919921875
-153.49241638183594
-152.39727783203125
-153.76409912109375
-151.5681915283203
-152.82504272460938
-152.5579071044922
-152.57997131347656
-153.8084716796875
-152.6259002685547
-153.03941345214844
-152.5782470703125
-153.43727111816406
-152.5293731689453
-151.95941162109375
-152.2466583251953
-151.5252685546875
-153.28717041015625
-150.9998016357422
-152.1724853515625
-152.22560119628906
-150.98654174804688
-151.4192352294922
-154.29541015625
-151.8760986328125
-152.1823272705078
-152.31439208984375
-151.25291442871094
-153.41217041015625
-152.6902313232422
-152.01666259765625
-151.90814208984375
-150.35545349121094
-150.64739990234375
-151.74244689941406
-151.39442443847656
-151.56809997558594
-152.3954315185547
-151.08192443847656
-152.408447265625
-150.6399688720703
-151.12107849121094
-153.26895141601562
-150.60748291015625
-151.40679931640625
-152.15985107421875
-151.2415008544922
-150.57534790039062
-151.6820831298828
-153.18580627441406
-150.91323852539062
-151.91184997558594
-150.1453857421875
-152.14715576171875
-152.10887145996094
-150.35308837890625
-150.78915405273438
-150.10775756835938
-152.44024658203125
-149.17898559570312
-151.13291931152344
-151.50396728515625
-150.84542846679688
-151.42250061035156
-150.38145446777344
-150.89796447753906
-151.9938201904297
-150.0888214111328
-150.5879364013672
-151.1615753173828
-153.2904052734375
-150.240966796875
-150.08416748046875
-148.92303466796875
-150.4966583251953
-150.87522888183594
-148.8463134765625
-149.84564208984375
-149.44851684570312
-151.8726043701172
-151.05992126464844
-150.57012939453125
-149.59506225585938
-150.41952514648438
-150.8727569580078
-149.66636657714844
-150.8446807861328
-149.79273986816406
-149.8310089111328
-149.74774169921875
