-299.872131348
-304.617584229
-317.136108398
-300.100250244
-332.26473999
-271.680511475
-283.974975586
-260.43258667
-288.774749756
-266.264862061
-286.998779297
-306.250152588
-339.198455811
-265.425079346
-313.167602539
-257.455291748
-282.869293213
-295.804656982
-258.081268311
-312.245117188
-263.079711914
-262.864990234
-276.44317627
-311.096282959
-290.742980957
-339.340698242
-290.007537842
-317.251434326
-265.650543213
-280.836395264
-291.413482666
-265.899139404
-299.567504883
-312.189178467
-290.533294678
-328.23651123
-303.291503906
-284.90133667
-283.634979248
-275.442962646
-316.692443848
-304.627166748
-279.130737305
-284.56539917
-301.062683105
-332.930877686
-314.0105896
-271.854248047
-307.350219727
-274.817596436
-348.990509033
-312.730804443
-332.986907959
-279.323455811
-312.846038818
-329.589874268
-322.716247559
-329.213378906
-284.040039062
-306.573730469
-322.703887939
-349.18157959
-291.79284668
-274.848968506
-336.205078125
-317.869018555
-322.859313965
-347.046081543
-292.418487549
-294.96697998
-320.874633789
-330.229492188
-280.946411133
-317.221557617
-304.033508301
-334.148742676
-318.904144287
-319.145843506
-337.467651367
-293.341949463
-301.448028564
-316.052154541
-321.588165283
-308.044433594
-328.604217529
-313.785095215
-341.943603516
-349.926818848
-338.878082275
-330.132659912
-337.652648926
-321.964447021
-347.700134277
-297.123016357
-314.875305176
-371.68927002
-355.445373535
-349.748413086
-306.129852295
-355.358306885
-334.743011475
-329.271759033
-349.93371582
-375.417205811
-336.661987305
-327.143707275
-315.98626709
-315.007446289
-347.312408447
-367.348266602
-343.631225586
-322.33392334
-320.241729736
-334.161804199
-334.456085205
-327.209442139
-308.987518311
-373.300384521
-345.409790039
-400.253173828
-343.02053833
-296.226623535
-309.691345215
-343.021881104
-295.069458008
-319.908050537
-355.981964111
-385.09487915
-358.165313721
-347.582397461
-335.600799561
-311.677124023
-366.209381104
-333.205108643
-319.825439453
-354.7578125
-314.194152832
-338.781097412
-357.168609619
-336.875366211
-347.608612061
-357.207885742
-330.758636475
-322.147857666
-345.175506592
-303.828460693
-331.444763184
-336.666687012
-333.481811523
-313.937988281
-339.276428223
-309.993103027
-316.924987793
-364.154205322
-364.628723145
-341.464752197
-360.399902344
-323.904296875
-372.84866333
-307.042327881
-348.672698975
-362.840606689
-297.238433838
-358.263671875
-329.60635376
-327.10736084
-288.755737305
-377.273071289
-324.261474609
-319.648742676
-344.156158447
-318.754821777
-296.76083374
-297.261688232
-303.756378174
-334.244750977
-309.847747803
-333.560455322
-361.541168213
-332.181518555
-340.217803955
-357.133514404
-300.985198975
-362.449249268
-357.915985107
-328.35043335
-334.605621338
-326.952728271
-344.108917236
-356.604797363
-325.930389404
-386.40411377
-383.594940186
-348.534362793
-345.141693115
-362.008148193
-304.197296143
-370.131713867
-336.951873779
-284.440124512
