18.427898407
13.1118068695
15.329996109
14.5157556534
15.2155723572
16.5571918488
14.3799943924
17.8724403381
14.5605335236
17.8637256622
13.1512088776
16.5897464752
13.0624713898
12.0306577682
12.0738725662
11.1600408554
12.0052042007
14.9177465439
13.636223793
16.1327152252
12.690530777
14.8670701981
10.8064985275
13.2311525345
11.9662437439
9.51137065887
9.73735141754
10.2173223495
10.9513206482
15.0813865662
10.8000621796
9.4552154541
16.806810379
11.2952070236
8.33142375946
9.64358901978
7.44261169434
10.4101724625
9.82688903809
11.613483429
8.34290122986
9.50102901459
9.02651119232
9.91185283661
13.9270524979
7.02175617218
7.08948707581
13.0503044128
10.4146137238
9.77013206482
10.1754484177
8.86054325104
6.54701519012
9.52657413483
8.58373737335
5.69530534744
7.98545742035
6.49168252945
7.20636081696
8.96577835083
6.50969266891
9.6992931366
5.96583843231
8.58440208435
6.89527130127
6.48620510101
7.221555233
5.18151044846
3.82316446304
4.91690540314
5.88790082932
4.45310544968
7.3303027153
5.69474220276
3.64385771751
8.21741104126
3.87516617775
6.15331506729
3.77857112885
6.34744501114
2.64810943604
4.39996576309
6.96775913239
9.0046453476
8.71935653687
9.12093639374
3.54998779297
3.48746275902
2.98187327385
3.95447492599
8.46499252319
3.99154663086
10.5719652176
6.02240467072
6.8419752121
6.15776872635
3.82222604752
11.2114553452
7.52610588074
4.66979980469
3.03450155258
8.76480770111
3.75589609146
5.17926502228
6.10798931122
5.25140428543
6.50584316254
4.35996294022
3.60786795616
14.325211525
5.19684314728
5.17759609222
11.0480823517
3.00285243988
5.61273908615
4.2596988678
9.71215248108
10.1010313034
12.4793081284
4.60277271271
4.67276906967
9.30095481873
10.6132192612
4.44124031067
13.8087797165
6.30433034897
4.21014881134
4.46380090714
2.82686710358
6.61577796936
8.52090644836
6.43339014053
6.42112112045
26.1876487732
10.8860120773
19.8528995514
7.31456565857
3.89122772217
3.74801564217
9.57706928253
4.70714235306
4.67697763443
6.2709031105
6.5892791748
10.6768484116
11.4367570877
3.6487288475
7.0482339859
7.84112358093
8.15927505493
5.98408269882
5.14134836197
5.89388132095
2.95489239693
8.48873710632
7.40204381943
3.99094390869
2.77849149704
6.43814706802
5.14787197113
10.9302511215
9.73115539551
6.39703273773
5.87435340881
8.70973587036
2.79568648338
7.14206266403
4.81608438492
4.19693088531
4.64142084122
8.6689453125
4.98132896423
5.07351493835
8.82672214508
8.15934753418
17.5731601715
11.5209207535
3.45867562294
5.34124994278
7.25979852676
3.63915371895
10.4596757889
8.14877223969
5.70833492279
4.67644166946
4.34324645996
7.25820827484
3.85003757477
7.74100351334
8.20748138428
5.34689950943
7.60496997833
5.50075101852
7.64451599121
5.5422949791
6.95353889465
4.03968524933
5.72542285919
5.32407331467
15.1496934891
