25.5314712524
17.2469406128
21.7975559235
22.4676380157
18.496629715
15.2201938629
19.4032039642
11.3691959381
13.905500412
29.6594676971
19.9358482361
8.95348167419
17.1436576843
21.456489563
13.4041185379
21.1859073639
15.4246292114
16.0513916016
10.0481805801
11.4922161102
12.1703453064
9.17445278168
9.53208255768
14.1206645966
9.64453887939
11.2410316467
10.6535224915
8.39852905273
11.3928871155
14.3685655594
9.26869010925
9.43173408508
9.51837253571
8.72223091125
16.2076683044
7.93517208099
16.1286029816
16.7518386841
6.70827293396
8.50344467163
6.93273591995
5.85048151016
11.4222202301
6.56258296967
5.47177314758
18.2829589844
4.80200099945
2.94606542587
4.76591205597
6.35521221161
14.1656265259
7.6143784523
15.8890628815
9.23732852936
4.38036489487
7.80992698669
6.1166882515
7.86914491653
13.6753549576
27.9451751709
5.09524869919
5.9859290123
18.6841716766
3.40764904022
4.90135335922
8.95840167999
16.8677158356
6.70111513138
7.25601863861
4.87272834778
11.9254751205
9.17004203796
5.44000720978
7.14004564285
17.330537796
7.7355260849
10.8021249771
6.23898506165
2.90768504143
3.97352957726
5.91458034515
6.13795089722
7.37929725647
6.12533378601
11.7414741516
6.47580051422
6.4275393486
3.74931287766
9.42392539978
7.06234312057
6.21865177155
20.2978630066
14.3133296967
10.6036729813
4.52200937271
9.21815872192
7.29243135452
16.1235523224
7.49061775208
3.85000801086
9.37628746033
5.16863822937
8.86204051971
4.47953605652
4.88111305237
11.3251504898
6.73420143127
6.42867946625
8.99918842316
13.2213811874
2.05065345764
11.7323169708
8.34954452515
5.88269662857
18.1253871918
8.49115085602
4.61905574799
5.80429315567
5.31292009354
7.32753705978
6.87767410278
6.33119297028
4.03328037262
4.73468732834
4.78267383575
5.65764808655
17.2918167114
9.84519290924
19.6450138092
9.38407230377
7.58983135223
5.35695886612
5.94529724121
3.22176790237
16.93227005
4.60175466537
16.4820213318
5.75024461746
7.26651716232
10.1891946793
10.8726997375
9.52326011658
20.0278739929
5.42912340164
6.18610668182
4.55366373062
4.04992008209
5.67068052292
11.1287698746
8.3366985321
9.89621162415
6.24888706207
11.89087677
6.82234954834
20.3448066711
6.20302867889
13.1363506317
2.30023956299
15.496843338
6.29388523102
19.4314689636
4.36830234528
7.30406522751
4.21358585358
3.63095498085
5.812251091
3.93176412582
5.65989160538
4.89707660675
7.21962976456
7.46738576889
5.69379615784
11.3827791214
8.57642841339
6.44808721542
6.81385326385
3.15510416031
2.32962441444
17.3791103363
5.63434314728
9.50395870209
9.9493303299
16.3374500275
21.0689125061
5.4609708786
9.08755588531
2.80025792122
8.09840583801
4.66666698456
4.29017353058
8.22978401184
5.78569412231
5.01061582565
7.16900205612
8.57034111023
11.0615959167
3.53049731255
35.4610290527
7.60092258453
11.2362518311
9.22232341766
12.9878702164
22.0619258881
4.89975261688
5.92518424988
6.46125602722
22.0383453369
5.64707136154
1.87529397011
5.27970552444
6.08722448349
12.4558315277
7.79286766052
26.4824409485
9.14300346375
8.42919635773
6.81313228607
7.12483692169
3.41687464714
5.10611152649
7.70496273041
14.4280033112
4.39125347137
6.09578609467
3.11776471138
6.00642585754
5.54017448425
4.58592557907
4.58626270294
1.56732809544
6.15442085266
19.5328083038
3.96971917152
8.37631511688
6.08003616333
5.34061527252
7.30339670181
14.8295469284
3.90711355209
3.11120986938
4.02209329605
12.0234012604
3.34103870392
3.72606086731
6.3804101944
12.7861452103
8.16640758514
6.64909172058
6.08035039902
1.35258769989
7.16457748413
32.4406204224
12.4540367126
11.5687065125
2.88525676727
5.28866291046
14.4278888702
2.76001262665
7.1372718811
5.09572267532
9.6425075531
4.69495868683
5.1827287674
4.49447488785
10.2305517197
2.60476446152
2.59431672096
7.91790533066
7.09207487106
8.13729000092
13.8764753342
12.4685935974
2.64643979073
16.2422389984
7.88732099533
17.9380474091
4.76375770569
6.84620046616
4.70979213715
18.5587120056
6.22518062592
2.43888282776
13.5898227692
6.02094745636
2.5587272644
8.28109931946
9.44666194916
29.3345813751
3.94170403481
3.14627552032
7.61245775223
4.3685965538
6.44685745239
3.83385372162
4.98887634277
1.42015838623
12.4720554352
26.9762458801
7.18464612961
3.50782060623
13.7763109207
13.8150186539
6.15548324585
22.7805366516
4.58385038376
5.67191886902
29.0777816772
2.23201084137
4.74009370804
9.14188671112
6.97945451736
6.23027276993
3.03968381882
8.23371887207
1.50944852829
8.84179782867
10.1788673401
6.31875419617
3.16829824448
8.59166812897
8.21890735626
6.8871178627
6.52174043655
11.3598880768
9.40837097168
4.89151954651
3.05654621124
3.98918747902
13.8104305267
8.50412654877
9.11764526367
11.6255569458
1.24628925323
9.76272106171
5.7776889801
4.51501274109
3.95448541641
29.5666122437
4.39798927307
7.82640361786
6.49454832077
12.3864383698
19.5078716278
12.3445911407
21.7594985962
3.5726377964
11.151181221
8.93187522888
5.14608287811
5.49298238754
9.48980045319
8.98001098633
4.03610658646
5.46204376221
9.14048671722
2.28179430962
32.5883102417
4.45887422562
2.94442796707
3.78682088852
6.12456321716
4.35608959198
8.56219387054
9.33666419983
13.1234083176
5.70729637146
14.9094905853
3.45718812943
29.1685714722
9.60111045837
11.9915294647
21.7950572968
4.26859235764
4.89057350159
5.51320362091
3.98455739021
6.3470749855
5.17105817795
2.20702934265
7.38585710526
6.46981048584
5.96280956268
8.04025936127
16.0318603516
5.46643209457
4.41475391388
3.72646713257
4.10596466064
7.37452411652
2.98110985756
15.4243450165
8.43919849396
9.29117584229
10.424413681
19.8601932526
6.07416200638
4.14804172516
6.07652282715
20.609210968
3.98357152939
