9.22232341766
12.9878702164
22.0619258881
4.89975261688
5.92518424988
6.46125602722
22.0383453369
5.64707136154
1.87529397011
5.27970552444
6.08722448349
12.4558315277
7.79286766052
26.4824409485
9.14300346375
8.42919635773
6.81313228607
7.12483692169
3.41687464714
5.10611152649
7.70496273041
14.4280033112
4.39125347137
6.09578609467
3.11776471138
6.00642585754
5.54017448425
4.58592557907
4.58626270294
1.56732809544
6.15442085266
19.5328083038
3.96971917152
8.37631511688
6.08003616333
5.34061527252
7.30339670181
14.8295469284
3.90711355209
3.11120986938
4.02209329605
12.0234012604
3.34103870392
3.72606086731
6.3804101944
12.7861452103
8.16640758514
6.64909172058
6.08035039902
1.35258769989
7.16457748413
32.4406204224
12.4540367126
11.5687065125
2.88525676727
5.28866291046
14.4278888702
2.76001262665
7.1372718811
5.09572267532
9.6425075531
4.69495868683
5.1827287674
4.49447488785
10.2305517197
2.60476446152
2.59431672096
7.91790533066
7.09207487106
8.13729000092
13.8764753342
12.4685935974
2.64643979073
16.2422389984
7.88732099533
17.9380474091
4.76375770569
6.84620046616
4.70979213715
18.5587120056
6.22518062592
2.43888282776
13.5898227692
6.02094745636
2.5587272644
8.28109931946
9.44666194916
29.3345813751
3.94170403481
3.14627552032
7.61245775223
4.3685965538
6.44685745239
3.83385372162
4.98887634277
1.42015838623
12.4720554352
26.9762458801
7.18464612961
3.50782060623
13.7763109207
13.8150186539
6.15548324585
22.7805366516
4.58385038376
5.67191886902
29.0777816772
2.23201084137
4.74009370804
9.14188671112
6.97945451736
6.23027276993
3.03968381882
8.23371887207
1.50944852829
8.84179782867
10.1788673401
6.31875419617
3.16829824448
8.59166812897
8.21890735626
6.8871178627
6.52174043655
11.3598880768
9.40837097168
4.89151954651
3.05654621124
3.98918747902
13.8104305267
8.50412654877
9.11764526367
11.6255569458
1.24628925323
9.76272106171
5.7776889801
4.51501274109
3.95448541641
29.5666122437
4.39798927307
7.82640361786
6.49454832077
12.3864383698
19.5078716278
12.3445911407
21.7594985962
3.5726377964
11.151181221
8.93187522888
5.14608287811
5.49298238754
9.48980045319
8.98001098633
4.03610658646
5.46204376221
9.14048671722
2.28179430962
32.5883102417
4.45887422562
2.94442796707
3.78682088852
6.12456321716
4.35608959198
8.56219387054
9.33666419983
13.1234083176
5.70729637146
14.9094905853
3.45718812943
29.1685714722
9.60111045837
11.9915294647
21.7950572968
4.26859235764
4.89057350159
5.51320362091
3.98455739021
6.3470749855
5.17105817795
2.20702934265
7.38585710526
6.46981048584
5.96280956268
8.04025936127
16.0318603516
5.46643209457
4.41475391388
3.72646713257
4.10596466064
7.37452411652
2.98110985756
15.4243450165
8.43919849396
9.29117584229
10.424413681
19.8601932526
6.07416200638
4.14804172516
6.07652282715
20.609210968
3.98357152939
