27.009458541870117
41.94548797607422
41.9548225402832
44.12101745605469
25.854969024658203
30.01666259765625
36.978370666503906
31.550399780273438
38.507747650146484
31.12395668029785
37.23380661010742
30.162792205810547
26.724977493286133
25.74883460998535
28.700756072998047
38.83976364135742
44.080562591552734
38.111690521240234
42.080848693847656
42.23849105834961
26.36541748046875
32.1635627746582
32.48322677612305
28.7410831451416
24.526592254638672
33.68018341064453
29.023744583129883
26.106948852539062
27.191299438476562
29.153541564941406
25.527324676513672
31.488584518432617
33.039222717285156
39.67023849487305
32.020259857177734
27.96078109741211
27.440839767456055
26.173070907592773
24.304794311523438
29.49535369873047
26.943330764770508
36.75157165527344
33.4876823425293
34.400123596191406
19.548233032226562
31.426624298095703
24.269493103027344
37.999053955078125
27.98398208618164
25.791147232055664
32.43882751464844
33.24907684326172
33.460113525390625
22.903335571289062
29.069229125976562
26.412029266357422
20.761354446411133
33.028743743896484
23.251564025878906
21.771581649780273
24.936452865600586
17.981632232666016
29.051137924194336
24.391407012939453
20.370168685913086
17.310670852661133
20.094676971435547
29.274761199951172
33.737308502197266
21.75989532470703
17.013874053955078
19.188865661621094
23.76693344116211
26.2408447265625
22.535207748413086
21.7342529296875
18.009435653686523
23.749921798706055
17.830472946166992
15.524816513061523
27.407875061035156
26.489656448364258
18.78310203552246
17.979490280151367
13.503064155578613
26.316370010375977
18.652748107910156
25.167848587036133
20.286718368530273
20.758586883544922
15.817107200622559
12.578808784484863
12.481768608093262
24.056869506835938
20.1947078704834
17.096885681152344
20.55255889892578
14.87858772277832
16.579816818237305
14.162496566772461
23.180158615112305
14.405679702758789
17.259031295776367
17.644927978515625
16.820789337158203
12.979389190673828
15.976783752441406
17.739103317260742
13.357722282409668
16.78156280517578
21.64800453186035
11.614160537719727
21.948389053344727
14.975268363952637
15.914786338806152
12.068597793579102
15.331408500671387
15.622851371765137
17.79129981994629
16.688419342041016
14.69410514831543
14.106409072875977
12.418076515197754
8.854708671569824
13.775948524475098
14.600796699523926
8.528840065002441
29.40436553955078
19.404735565185547
11.821685791015625
10.547262191772461
10.145583152770996
15.634146690368652
7.573892116546631
17.855287551879883
11.565030097961426
9.331490516662598
12.707054138183594
15.413677215576172
8.04295539855957
11.954049110412598
10.007363319396973
10.170642852783203
10.885241508483887
17.460338592529297
10.200638771057129
10.585495948791504
8.87742805480957
17.065902709960938
8.656869888305664
10.385986328125
9.481927871704102
7.389608860015869
14.62281608581543
10.90259075164795
10.080594062805176
9.676397323608398
11.188272476196289
21.381023406982422
10.847928047180176
8.965840339660645
11.563682556152344
9.705133438110352
19.91561508178711
10.175863265991211
8.206836700439453
8.17922592163086
9.61146354675293
6.1801862716674805
8.373785972595215
9.50317668914795
11.284454345703125
8.566444396972656
7.894943714141846
6.005909442901611
6.032235622406006
8.411874771118164
8.567652702331543
7.2697296142578125
8.921224594116211
6.697750091552734
8.942996978759766
6.812929630279541
8.63336181640625
5.888277530670166
9.972347259521484
4.690913200378418
18.974855422973633
7.183599948883057
5.058812618255615
8.111481666564941
6.7345123291015625
8.167941093444824
5.515624523162842
6.553460597991943
7.465078353881836
4.5319905281066895
8.04892349243164
9.415061950683594
9.172879219055176
5.992681980133057
8.456491470336914
6.8364152908325195
6.400941848754883
2.6539037227630615
5.962358474731445
5.413922309875488
6.419514179229736
8.970693588256836
5.50534200668335
5.142056941986084
4.872354030609131
3.1684515476226807
5.550991058349609
6.9210205078125
9.218502044677734
4.982254981994629
5.610812187194824
4.377590179443359
6.748874664306641
7.386866569519043
3.500581741333008
6.664379119873047
10.004018783569336
15.245240211486816
6.31864070892334
7.344991683959961
9.505794525146484
6.193807601928711
9.152661323547363
12.608917236328125
10.25216293334961
4.807124614715576
7.914541244506836
5.476805210113525
8.328568458557129
8.980260848999023
4.725842475891113
8.613678932189941
8.549992561340332
10.047989845275879
13.124900817871094
3.4431543350219727
6.465871810913086
7.508831977844238
16.351966857910156
3.7240076065063477
3.686415433883667
5.018982410430908
6.927583694458008
14.123430252075195
4.019405364990234
8.833081245422363
15.22262954711914
6.634402275085449
5.671371936798096
3.1614327430725098
27.609548568725586
2.8963310718536377
6.463422775268555
6.170405387878418
27.562976837158203
4.216322422027588
3.946032762527466
3.974799156188965
2.627960443496704
13.973769187927246
7.264926910400391
6.436071395874023
7.637567520141602
2.8280272483825684
5.525111675262451
9.059560775756836
6.72783088684082
9.369882583618164
4.167398452758789
9.836856842041016
4.421536445617676
9.54516887664795
6.627696514129639
9.320547103881836
2.9693613052368164
7.525706768035889
3.9410130977630615
6.8301520347595215
9.563531875610352
10.542330741882324
4.076202392578125
10.042594909667969
7.333205699920654
4.639676094055176
4.510464668273926
13.254388809204102
4.2055583000183105
6.113762378692627
2.838433027267456
5.284656524658203
3.0956978797912598
7.6736273765563965
3.8530383110046387
8.508070945739746
15.612330436706543
9.27197265625
4.822999954223633
5.639472484588623
11.065900802612305
2.9627373218536377
16.686325073242188
11.116817474365234
5.277864933013916
6.603259086608887
3.6800429821014404
6.090057849884033
5.858576774597168
3.6954004764556885
4.385943412780762
2.3908355236053467
5.5721635818481445
12.547168731689453
7.312890529632568
18.788145065307617
8.832903861999512
8.90776252746582
6.8642120361328125
9.74315071105957
9.476566314697266
5.199650287628174
14.808937072753906
7.030003070831299
4.366903305053711
4.187600135803223
6.845017910003662
4.312015533447266
5.309271335601807
22.43689727783203
5.380473613739014
6.961868762969971
4.023064136505127
12.966533660888672
7.002853870391846
3.9777770042419434
7.612121105194092
8.269645690917969
2.77685546875
3.2428390979766846
4.79020881652832
5.620973110198975
3.192343235015869
3.439162492752075
30.895771026611328
3.7669434547424316
2.9594531059265137
6.158690929412842
4.674881458282471
3.0389978885650635
5.21415901184082
6.797535419464111
7.328708648681641
10.069059371948242
4.980194568634033
8.118507385253906
5.91012716293335
6.200639247894287
2.179638624191284
3.5483434200286865
3.6966280937194824
4.312207221984863
3.1664538383483887
3.0394113063812256
4.481366157531738
3.1986289024353027
3.9472949504852295
4.574319839477539
17.022377014160156
2.737154960632324
4.40043830871582
8.951639175415039
4.829057216644287
4.229696273803711
11.306816101074219
9.96774673461914
7.693463325500488
3.795393466949463
2.7951555252075195
3.29293155670166
7.130450248718262
3.587589740753174
10.895234107971191
2.046335458755493
3.396289587020874
5.1309332847595215
3.443887710571289
22.003381729125977
5.620413780212402
10.016347885131836
4.443516731262207
3.415374994277954
3.1236913204193115
5.3836212158203125
7.832118034362793
