-249.81051635742188
-272.7712097167969
-273.0682373046875
-274.96044921875
-208.0025177001953
-221.7413330078125
-252.4069366455078
-246.25868225097656
-268.6903991699219
-250.73880004882812
-275.4433898925781
-243.80252075195312
-230.42234802246094
-224.4882354736328
-255.0854034423828
-250.9521484375
-267.56890869140625
-284.68048095703125
-219.408203125
-247.67555236816406
-207.81532287597656
-263.76324462890625
-238.300537109375
-259.3017272949219
-202.52679443359375
-247.9583282470703
-256.23907470703125
-232.10501098632812
-251.63677978515625
-252.0402374267578
-207.44357299804688
-268.0303955078125
-264.103271484375
-268.6189880371094
-236.14456176757812
-263.4701232910156
-247.70938110351562
-222.7300567626953
-221.14517211914062
-234.8878936767578
-239.47499084472656
-259.4049377441406
-230.3002471923828
-231.16929626464844
-225.3236083984375
-244.51808166503906
-252.61412048339844
-269.1650695800781
-229.1828155517578
-238.18304443359375
-270.2401428222656
-265.1236267089844
-248.0548553466797
-239.87864685058594
-263.1305847167969
-267.5030212402344
-218.03561401367188
-256.0105285644531
-237.29188537597656
-213.6378173828125
-242.1778106689453
-220.56056213378906
-244.9394073486328
-234.37677001953125
-215.13320922851562
-211.16249084472656
-216.01849365234375
-252.2938690185547
-265.9034423828125
-234.058349609375
-213.95738220214844
-248.60678100585938
-225.8675079345703
-248.68795776367188
-240.23179626464844
-228.7183380126953
-219.1957244873047
-211.36988830566406
-228.91702270507812
-227.9843292236328
-244.19158935546875
-268.380859375
-229.51478576660156
-246.34646606445312
-214.11544799804688
-252.47389221191406
-228.57223510742188
-258.3318786621094
-263.5506286621094
-252.2412109375
-235.86770629882812
-215.43060302734375
-205.62258911132812
-249.4664764404297
-226.0840606689453
-233.23463439941406
-251.7716522216797
-254.90916442871094
-217.5004425048828
-229.07794189453125
-224.1271209716797
-237.6161346435547
-250.71591186523438
-244.0842742919922
-240.77285766601562
-240.90957641601562
-226.19822692871094
-243.77371215820312
-216.83445739746094
-238.17713928222656
-242.3744659423828
-223.03378295898438
-232.61764526367188
-231.27978515625
-243.17958068847656
-211.67396545410156
-236.93826293945312
-239.5959930419922
-242.2014923095703
-254.45986938476562
-222.5688018798828
-228.47030639648438
-232.9104461669922
-226.75013732910156
-218.7384033203125
-237.76895141601562
-258.5165100097656
-214.2822723388672
-264.4691162109375
-227.21107482910156
-256.49273681640625
-226.90357971191406
-244.53399658203125
-216.42657470703125
-211.20779418945312
-209.72462463378906
-242.6163787841797
-239.6101837158203
-254.71897888183594
-236.26295471191406
-254.79525756835938
-238.42848205566406
-226.66372680664062
-255.2716064453125
-230.62791442871094
-233.28823852539062
-226.58242797851562
-227.46121215820312
-205.4136962890625
-221.19094848632812
-250.4855194091797
-246.72328186035156
-226.33868408203125
-229.5184326171875
-225.3960418701172
-253.69723510742188
-246.7366943359375
-247.66590881347656
-255.7489471435547
-210.0887451171875
-216.3619842529297
-224.29776000976562
-244.9004364013672
-210.38026428222656
-220.91368103027344
-231.53163146972656
-214.80630493164062
-232.82655334472656
-221.62257385253906
-244.7071075439453
-249.24127197265625
-262.7308654785156
-240.92210388183594
-225.53453063964844
-232.20889282226562
-250.31851196289062
-253.945068359375
-237.58779907226562
-247.52171325683594
-237.87014770507812
-254.4781951904297
-254.43115234375
-223.6499481201172
-245.744873046875
-216.28091430664062
-249.5032501220703
-225.26670837402344
-240.76019287109375
-251.96339416503906
-259.60906982421875
-260.26483154296875
-221.4550323486328
-230.29347229003906
-221.8670654296875
-251.05535888671875
-232.4332275390625
-228.4575958251953
-216.308349609375
-215.9333953857422
-230.78379821777344
-246.65374755859375
-207.26882934570312
-260.56573486328125
-240.67274475097656
-231.25657653808594
-218.32032775878906
-234.04440307617188
-206.93272399902344
-251.62586975097656
-218.60366821289062
-216.14132690429688
-234.7649383544922
-215.1905059814453
-229.4036407470703
-209.5594024658203
-248.260498046875
-229.80458068847656
-259.4080505371094
-252.77337646484375
-242.86923217773438
-219.7244110107422
-214.10537719726562
-262.28216552734375
-244.4306182861328
-248.40870666503906
-243.8826141357422
-226.24757385253906
-245.42440795898438
-239.49876403808594
-210.5286865234375
-250.1297149658203
-236.76341247558594
-233.8817138671875
-214.3997344970703
-235.50277709960938
-208.1737823486328
-234.11524963378906
-256.8292541503906
-255.5990753173828
-246.47093200683594
-204.197265625
-213.04762268066406
-223.297119140625
-257.9031982421875
-249.8589630126953
-240.91709899902344
-227.29161071777344
-213.41392517089844
-244.82833862304688
-224.26927185058594
-222.06153869628906
-250.28717041015625
-206.56375122070312
-231.36781311035156
-225.9064483642578
-242.13946533203125
-256.92608642578125
-213.4604034423828
-227.60772705078125
-239.98550415039062
-221.59231567382812
-217.54022216796875
-217.65377807617188
-236.6470184326172
-258.69818115234375
-230.12562561035156
-205.95433044433594
-236.80284118652344
-241.13197326660156
-202.51171875
-222.54600524902344
-241.22891235351562
-231.13796997070312
-236.90261840820312
-242.1778564453125
-207.4174346923828
-220.7723388671875
-205.9973602294922
-222.52407836914062
-256.68817138671875
-238.95196533203125
-236.8109893798828
-246.5338592529297
-222.09552001953125
-263.78369140625
-202.7896270751953
-235.93017578125
-237.10867309570312
-216.37744140625
-224.2027130126953
-230.4165802001953
-245.8849334716797
-230.81578063964844
-244.43753051757812
-227.91346740722656
-235.30172729492188
-232.38075256347656
-235.0558624267578
-220.05755615234375
-259.3897705078125
-212.6107635498047
-241.34805297851562
-219.5100555419922
-232.73007202148438
-225.3065643310547
-218.90711975097656
-240.38755798339844
-224.4731903076172
-232.02731323242188
-237.5223846435547
-234.11398315429688
-226.60325622558594
-237.68629455566406
-215.30897521972656
-238.80308532714844
-237.73590087890625
-237.9569091796875
-245.77708435058594
-251.34352111816406
-247.95318603515625
-248.43850708007812
-211.13339233398438
-202.7135467529297
-225.95709228515625
-262.02374267578125
-227.23196411132812
-267.05218505859375
-229.49310302734375
-224.12930297851562
-242.9280548095703
-231.4856719970703
-240.97149658203125
-222.7439727783203
-255.24789428710938
-202.5521697998047
-221.181396484375
-217.433837890625
-225.0934600830078
-223.535400390625
-245.98260498046875
-239.8646240234375
-230.36044311523438
-227.86788940429688
-226.8007049560547
-234.71446228027344
-238.0108184814453
-253.41448974609375
-245.9145965576172
-256.5958557128906
-250.1981964111328
-226.0580291748047
-232.8992462158203
-222.45741271972656
-225.30467224121094
-235.7804718017578
-234.15834045410156
-219.43228149414062
-197.57969665527344
-226.7938690185547
-224.0412139892578
-234.27976989746094
-257.2113952636719
-255.12966918945312
-259.62353515625
-249.57676696777344
-250.09381103515625
-246.3411865234375
-245.38446044921875
-216.8760223388672
-231.41188049316406
-255.6567840576172
-215.15000915527344
-225.4084930419922
-245.89926147460938
-224.30596923828125
-223.4720001220703
-247.22206115722656
-234.6041717529297
-234.27647399902344
-246.26742553710938
-224.78248596191406
-256.9220275878906
-208.59974670410156
-235.2945098876953
-239.2156219482422
-233.25320434570312
-217.21250915527344
-259.6213684082031
-268.3025817871094
-232.25071716308594
-232.2446746826172
-254.6325225830078
-204.529541015625
-213.5267333984375
-222.33807373046875
-248.6421356201172
-212.0099334716797
-208.07069396972656
-242.29920959472656
-224.3753662109375
