13.3442192078
13.3774471283
12.3772192001
13.1032447815
14.8882083893
13.2940092087
13.5172433853
13.2168130875
17.2215538025
9.95819377899
13.3592042923
13.2020254135
12.7024765015
12.4362611771
14.2986068726
19.0398597717
12.3533401489
14.0912027359
16.6139278412
16.7009296417
11.1423740387
12.1446580887
12.4999828339
13.6919202805
13.893860817
13.909075737
12.8726806641
11.8503580093
17.2425804138
13.8606119156
10.3156785965
11.8761177063
12.8961515427
15.2799348831
13.3916873932
13.2149496078
12.1562891006
13.1272363663
9.29455280304
14.4123363495
12.6012611389
10.1433200836
10.0580148697
13.0112943649
13.1210603714
13.9666166306
10.823887825
10.2507982254
11.5185403824
11.563706398
17.9966011047
13.4042348862
10.8469152451
11.7010707855
12.4720487595
11.6575565338
12.8539047241
10.8502054214
9.98048305511
18.8449554443
12.0971212387
11.5575304031
11.3498935699
13.6301441193
11.3675098419
11.6000032425
10.7006320953
12.2982625961
10.9878425598
12.0624265671
8.84791183472
14.6678304672
8.1090669632
11.378657341
9.523229599
12.4812679291
12.4362239838
13.5290145874
8.76946735382
11.7437515259
11.6252746582
11.6717472076
10.5746879578
11.1255931854
11.2353153229
11.0156984329
9.34460926056
9.8525056839
12.8433628082
9.79599571228
10.1843032837
10.8190279007
9.50544834137
9.39426803589
11.3630647659
14.0603847504
10.1831350327
7.81351995468
10.0072603226
10.9018173218
10.0402822495
7.91795778275
7.82010269165
7.44917869568
9.48700904846
10.6567344666
7.07112407684
10.3816347122
8.5668296814
12.4801883698
8.15765190125
9.09154891968
9.81233596802
10.0593996048
7.45345878601
7.39463806152
7.60500907898
6.29328298569
7.95575618744
8.24790859222
8.69082164764
7.79593372345
7.73844003677
10.4793186188
7.08739614487
8.85648345947
11.1255884171
9.65683841705
7.4184217453
10.7001438141
8.51233577728
10.1121425629
6.76147508621
8.75200462341
7.72746038437
7.06368970871
5.71459388733
7.96757316589
6.38323974609
5.7712187767
5.68309307098
9.2226600647
6.32401180267
8.37521839142
4.72946023941
7.89111566544
6.87295150757
9.46353244781
5.05625534058
8.36462688446
9.6154794693
7.63783979416
7.8879327774
9.2278213501
6.74746465683
6.7351436615
7.40933609009
6.25049543381
7.75406742096
5.66732645035
6.05871534348
4.95028305054
6.12847042084
4.60420799255
9.15570831299
6.06003189087
6.09945392609
5.00637102127
4.75695800781
8.91264533997
6.92471694946
6.65249919891
7.59037351608
4.53633069992
5.32827281952
3.49724650383
9.13633823395
5.78716993332
6.04913902283
7.98362922668
6.44686889648
4.86502552032
5.50515794754
5.51710653305
5.82962751389
4.44108390808
6.19718503952
5.43830919266
7.60379886627
7.30252504349
7.82283735275
4.1928486824
7.32004213333
4.79717874527
7.27583503723
4.94848012924
5.24574232101
5.1467256546
5.53779220581
9.36573505402
6.75984668732
6.00378227234
5.35528278351
4.20865774155
5.34027528763
3.7398557663
3.58191013336
4.5141043663
8.20947360992
6.68650341034
8.15218639374
4.83182144165
8.19438743591
6.35459089279
6.80910301208
4.33300065994
4.14616584778
4.7435836792
6.32569599152
9.20180130005
4.86329984665
4.01307106018
7.02387952805
3.39657783508
4.16671228409
5.023665905
3.41929936409
3.33488035202
7.33583259583
6.05284500122
9.56738853455
4.3179359436
4.77478170395
6.8808722496
4.78262376785
4.24291276932
6.1697678566
3.99425649643
7.11268758774
5.4207201004
3.39651298523
3.81250858307
5.11513662338
3.18621468544
5.06466054916
6.68125295639
4.86594247818
7.98300457001
4.46325874329
3.35265874863
4.60705804825
3.97062015533
4.04512262344
5.25878477097
4.21570444107
4.89622020721
4.25876760483
6.34729671478
4.72937583923
4.19185352325
3.20030522346
4.69703722
4.01861143112
6.13171577454
4.0557217598
6.49722290039
5.54045820236
7.73019886017
5.05500650406
5.32158708572
6.29031610489
6.46566724777
4.82258367538
5.81370925903
7.40522384644
7.05238485336
5.64231395721
5.29847288132
4.65974903107
4.77731275558
4.85991382599
3.48536539078
2.99431943893
5.45285844803
6.54508733749
4.50214576721
4.72770118713
3.88806343079
5.56385087967
6.07659006119
3.35286641121
5.77112913132
4.19263792038
4.96523666382
7.4151263237
8.32860374451
5.08767080307
5.910115242
5.84916830063
4.35717153549
4.61712265015
8.13776874542
3.34531736374
3.11781191826
6.91639518738
4.70657491684
6.3670630455
5.14505290985
6.95783376694
5.77717447281
4.16415786743
5.39553546906
7.3932557106
5.85425949097
4.76584196091
4.27542829514
4.72231674194
3.77670836449
4.45150899887
7.55454730988
3.43593740463
6.20014715195
5.53893136978
5.4397778511
6.59945392609
6.55541801453
7.30618000031
6.53267860413
4.18429279327
4.73688697815
4.19200658798
6.66796159744
5.80305337906
5.2321434021
6.79120588303
4.77917003632
4.03975534439
7.1544084549
5.38563108444
6.99766683578
6.00225353241
4.12788772583
7.93430662155
6.58169317245
7.29347705841
7.3040728569
7.04689264297
6.50843524933
4.26752996445
3.84053063393
4.4090681076
5.16649723053
6.55641031265
7.9756731987
6.20842409134
5.30861616135
7.66113567352
6.57683038712
8.8749256134
3.59969258308
4.73733043671
6.9601354599
4.33219957352
4.05549478531
4.64861059189
4.35934877396
4.46458053589
3.26082634926
3.86064243317
6.67537212372
4.54989337921
6.11235952377
4.15446949005
4.54184675217
4.40746259689
4.90256071091
6.06014347076
7.55948495865
4.30183029175
4.06289100647
6.7430024147
6.18646907806
5.04259300232
3.16279172897
7.46769475937
7.36287498474
5.81715011597
5.73211288452
6.88613271713
4.80183982849
8.90941238403
8.23119163513
6.5930519104
6.05147218704
4.43336868286
5.11211681366
5.31465148926
6.79218673706
4.26111555099
4.08718347549
