-3197.041748046875
-3076.85888671875
-7556.2900390625
-4942.6123046875
-4195.2568359375
-5774.76806640625
-3677.384521484375
-2838.59326171875
-5382.3955078125
-3411.5576171875
-2606.832763671875
-3896.92236328125
-5964.587890625
-5300.6865234375
-3280.0712890625
-2778.635009765625
-2630.864990234375
-5915.02197265625
-3652.093994140625
-2983.29638671875
-5028.263671875
-3472.7646484375
-5666.2314453125
-3558.85888671875
-3258.447509765625
-5405.7626953125
-4418.48095703125
-3745.6005859375
-3693.537841796875
-3475.822265625
-4711.06884765625
-4750.8349609375
-4575.9677734375
-2463.346435546875
-1831.3502197265625
-3871.917236328125
-4873.4306640625
-2290.07958984375
-2718.56689453125
-4472.3173828125
-3355.0654296875
-3921.578125
-2699.48876953125
-3315.2490234375
-2863.087646484375
-4907.84326171875
-3063.96630859375
-3644.731689453125
-2947.99169921875
-4661.86865234375
-5511.53515625
-5391.6767578125
-2999.2373046875
-5100.49755859375
-3677.77587890625
-4123.5107421875
-3107.135498046875
-4146.58349609375
-3216.593994140625
-2469.913818359375
-3797.0810546875
-2653.87841796875
-3647.443603515625
-4693.63623046875
-3379.42529296875
-5414.90625
-3618.80078125
-3249.34228515625
-4923.25634765625
-4616.98779296875
-4965.27099609375
-6269.474609375
-4178.47119140625
-5728.09619140625
-5973.36669921875
-2359.742919921875
-4829.18017578125
-3249.740478515625
-4359.91943359375
-5126.443359375
-2065.35107421875
-4104.5693359375
-5700.82568359375
-6141.35791015625
-6416.552734375
-4803.56591796875
-3359.517578125
-5348.01318359375
-4118.9345703125
-5787.28271484375
-2415.467529296875
-3921.8173828125
-5869.92431640625
-5443.41259765625
-4977.45361328125
-3321.9375
-4721.8125
-3461.392333984375
-3311.177978515625
-5407.1005859375
-5957.6103515625
-4034.83203125
-4204.01220703125
-2315.2763671875
-4803.12109375
-5335.466796875
-5226.69921875
-2297.039794921875
-5805.25390625
-2978.90869140625
-2719.45166015625
-2429.41943359375
-3996.0126953125
-3601.9453125
-3895.8359375
-5333.22998046875
-2996.546142578125
-4792.1728515625
-3262.462890625
-3838.615234375
-3760.40380859375
-3821.258544921875
-4604.06591796875
-3601.607666015625
-3706.480712890625
-3635.177978515625
-3496.73779296875
-4188.322265625
-2942.5283203125
-2661.25244140625
-4171.55810546875
-3820.9169921875
-5952.22607421875
-2572.1201171875
-5206.5947265625
-2835.862548828125
-3558.4365234375
-4963.41796875
-3352.256591796875
-3542.093505859375
-4693.0537109375
-5729.12353515625
-4098.015625
-3521.831787109375
-4134.234375
-5256.65869140625
-5171.15185546875
-2532.7978515625
-4050.11572265625
-5155.20751953125
-3740.1923828125
-4298.552734375
-2916.94140625
-5515.240234375
-5319.7333984375
-3344.085693359375
-4272.52587890625
-3783.142578125
-1695.573974609375
-6994.7431640625
-3425.16748046875
-3926.737548828125
-3629.4833984375
-4165.11865234375
-3223.533935546875
-4102.83544921875
-4143.10009765625
-5697.32421875
-4535.6962890625
-4574.041015625
-5652.58642578125
-5875.00732421875
-4541.37841796875
-4929.5205078125
-4294.44287109375
-4834.806640625
-6120.19384765625
-4433.38818359375
-5640.0361328125
-3650.158203125
-5369.03173828125
-4713.73681640625
-3489.7412109375
-6412.5322265625
-3343.251708984375
-4667.5810546875
-4558.7529296875
-3236.2353515625
-5029.6552734375
-4749.6708984375
-3225.34326171875
-3196.734375
-4868.8427734375
-3520.37451171875
-3022.310546875
-5072.31396484375
-4039.123291015625
-3923.11669921875
-6366.65625
-4061.46337890625
-4578.224609375
-6566.810546875
-3434.0400390625
-4488.166015625
-4220.48291015625
-4769.4033203125
-4818.37451171875
-2364.52197265625
-4230.8623046875
-4309.5498046875
-6338.1708984375
-2388.0341796875
-2954.00341796875
-5828.041015625
-3637.927734375
-3517.99072265625
-5778.7919921875
-3745.042724609375
-3269.23486328125
-3815.499267578125
-3283.35498046875
-3966.011962890625
-5002.30126953125
-3340.372314453125
-5625.9833984375
-5747.95458984375
-3125.07958984375
-2324.02392578125
-3883.0341796875
-5405.330078125
-4379.70068359375
-4323.90966796875
-4383.9150390625
-2832.029541015625
-2752.63134765625
-4955.341796875
-5779.4814453125
-2698.957763671875
-2878.39306640625
-4956.43701171875
-3403.7568359375
-4055.10546875
-2348.041748046875
-3870.50927734375
-4059.344482421875
-4048.7490234375
-4416.7080078125
-3568.735107421875
-2279.6103515625
-3089.578857421875
-3706.022216796875
-5385.05517578125
-3743.1474609375
-5302.091796875
-3587.272216796875
-3448.474609375
-5435.99267578125
-3504.34814453125
-3650.285888671875
-3460.536376953125
-4281.53466796875
-3882.16015625
-5435.53955078125
-4429.0166015625
-2848.990234375
-5895.2109375
-3292.0126953125
-3240.499755859375
-5590.27001953125
-3297.276123046875
-4677.015625
-4917.748046875
-3737.8212890625
-3915.6923828125
-3476.7998046875
-3307.5048828125
-3974.7138671875
-4555.10302734375
-5514.7373046875
-3251.65673828125
-5206.111328125
-5720.546875
-3075.939208984375
-3521.906982421875
-2516.94189453125
-4562.765625
-3008.8037109375
-5289.435546875
-3064.5498046875
-3171.8076171875
-5163.6298828125
-3511.707275390625
-4278.09423828125
-4353.970703125
-4979.359375
-3767.303955078125
-6219.67919921875
-4537.9677734375
-5728.25732421875
-4146.5009765625
-5593.44580078125
-4964.3798828125
-3266.634765625
-6090.40625
-2690.62255859375
-5005.54150390625
-3724.07275390625
-3321.59912109375
-3265.9072265625
-3217.349853515625
-5304.41357421875
-4172.71728515625
-5376.05419921875
-3791.901123046875
-3811.36865234375
-3743.817138671875
-3969.816162109375
-5366.9814453125
-4100.24365234375
-3274.232666015625
-4476.00390625
-3600.622802734375
-3179.833740234375
-4766.875
-4179.9599609375
-5392.419921875
-2625.751953125
-4219.8154296875
-3395.209716796875
-4421.59521484375
-5159.92529296875
-3179.34423828125
-5900.59814453125
-5174.18359375
-5241.9453125
-4176.56396484375
-5327.064453125
-3593.907958984375
-3859.2783203125
-3667.90283203125
-3810.2490234375
-4018.812255859375
-6172.0078125
-3056.9345703125
-2787.2509765625
-2614.561279296875
-4001.380126953125
-5091.4775390625
-5750.22119140625
-4266.123046875
-4606.8349609375
-4691.7587890625
-3564.583984375
-4164.89208984375
-2598.61572265625
-2320.0546875
-4542.73681640625
-2633.0224609375
-4282.8046875
-4523.818359375
-3850.34375
-4699.4130859375
-4238.7998046875
-2164.1318359375
-2335.8935546875
-2233.546142578125
-4644.3291015625
-4474.546875
-4344.4443359375
-4283.84130859375
-3735.691162109375
-3586.91455078125
-2928.366455078125
-4288.48583984375
-2438.7890625
-3164.34423828125
-4966.8916015625
-2693.26123046875
-4324.2236328125
-3548.597412109375
-3028.042236328125
-2324.755859375
-3222.5302734375
-4018.66748046875
-4784.9208984375
-1785.2781982421875
-4986.16162109375
-6024.955078125
-5635.337890625
-4462.892578125
-3362.484130859375
-3519.4150390625
-2443.466064453125
-5278.5986328125
-2099.410888671875
-5308.7177734375
-3240.060546875
-2614.55224609375
-5112.70654296875
-5750.34228515625
-3421.710205078125
-4361.591796875
-5068.10302734375
-5029.89306640625
-2975.381591796875
-3917.49462890625
-5858.880859375
-4372.1455078125
-4862.408203125
-3393.95703125
-4034.67724609375
-6246.09033203125
-3404.45068359375
-2510.630859375
-5413.2548828125
-4318.46142578125
-4134.005859375
-3501.66259765625
-4833.654296875
-2783.024658203125
-3657.444091796875
-6298.77099609375
-3426.1591796875
-5415.115234375
-4865.44580078125
-4019.53125
-4933.9580078125
-5013.0771484375
-5830.12255859375
-2797.295654296875
-4282.283203125
-2363.14892578125
-3280.1591796875
-3734.15087890625
-3284.243408203125
-5932.265625
-3690.161865234375
-4477.75341796875
-3068.33203125
-2308.199951171875
-2638.681640625
-4436.859375
-4324.49755859375
-5302.18505859375
-3432.634521484375
-3470.375244140625
-4638.751953125
-5697.251953125
-4834.2392578125
-3819.77783203125
-3902.41064453125
-2233.1328125
-2962.19970703125
-3329.742431640625
-4360.43505859375
-3808.9892578125
-3034.738525390625
-3949.942626953125
-4581.771484375
-5110.5029296875
-3654.0390625
-5725.35498046875
-4400.33203125
-5051.08251953125
-5604.7734375
-6490.12890625
-2867.482177734375
-4674.4052734375
-5545.302734375
-2102.9130859375
-4285.18896484375
-3912.90771484375
-7369.5029296875
-6234.0732421875
-5838.326171875
-5650.59765625
-5590.94921875
-5588.18603515625
-6728.81884765625
-4141.2197265625
-1885.26806640625
-5047.55078125
-3250.416015625
-4412.98828125
-3845.984619140625
-4490.0205078125
-2873.776611328125
-2333.654296875
-4832.37548828125
-5903.3056640625
-3996.51123046875
-4273.72412109375
-5808.78125
-3207.45361328125
-5426.5048828125
-4232.6875
-3215.880615234375
-2358.044189453125
-5235.306640625
-4571.5390625
-3487.203125
-5778.265625
-4886.6455078125
-5658.369140625
-4071.4140625
-2972.818359375
-2819.280029296875
-3741.2861328125
-3760.56298828125
-5205.0712890625
-3269.416015625
-6054.41064453125
-6061.576171875
-4335.15771484375
-3789.28271484375
-4456.72705078125
-4391.482421875
-4192.77294921875
-4634.74072265625
-4139.24658203125
-2110.162109375
-4067.295166015625
-5100.17431640625
-4917.2060546875
-4310.0703125
-5764.2080078125
-3840.38037109375
-3983.8173828125
-4216.76123046875
-6827.18798828125
-6657.66943359375
-4875.810546875
-5440.98046875
-4017.697509765625
-3802.194091796875
-4693.28564453125
-6863.8857421875
-6170.83251953125
-5124.69189453125
-4490.30322265625
-3219.7646484375
-5543.1015625
-6978.791015625
-6372.2158203125
-5929.39453125
-6676.0419921875
-4369.7900390625
-4612.50048828125
-2514.11279296875
-4561.6171875
-3774.243896484375
-2284.780517578125
-5121.12353515625
-2722.2138671875
-2910.82080078125
-5386.06982421875
-4297.2294921875
-1995.9755859375
-3998.279052734375
-3213.7294921875
-4809.00048828125
-3631.89404296875
-4548.70703125
-5187.869140625
-4400.0439453125
-6091.72607421875
-3040.37841796875
-3316.047607421875
-7219.689453125
-4015.087890625
-5083.4150390625
-4178.40771484375
-6793.48828125
-3064.310546875
-3813.828125
-4422.8974609375
-5274.70947265625
-4707.09619140625
-3020.103515625
-4882.1806640625
-4489.34765625
-4706.68115234375
-6415.03466796875
-3918.886962890625
-6703.7412109375
-4836.806640625
-4966.07958984375
-2936.66015625
-3460.242431640625
-6222.947265625
-4252.01220703125
-6384.30908203125
-2078.719482421875
-5079.07666015625
-5063.66796875
-4091.24072265625
-4516.07373046875
-4508.3623046875
-2227.4697265625
-2875.4072265625
-5176.63720703125
-5592.26025390625
-5645.8642578125
-4335.046875
-4733.103515625
-4612.91943359375
-3917.720458984375
-3405.34765625
-4880.673828125
-2081.73974609375
-6455.26708984375
-3153.09033203125
-4182.251953125
-3239.806884765625
-2775.68017578125
-5824.53271484375
-4085.048828125
-3085.937744140625
-3038.9560546875
-5994.82763671875
-3442.078125
-2388.33203125
-3122.6455078125
-3360.0654296875
-4730.3896484375
-4451.82080078125
-3622.660400390625
-5019.09619140625
-2634.265625
-3000.685302734375
-4821.8603515625
-4686.35302734375
-2448.52490234375
-4471.37353515625
-3200.0986328125
-3594.71044921875
-2998.8779296875
-2629.7490234375
-4415.693359375
-4420.88623046875
-4720.34326171875
-2813.883056640625
-6006.8271484375
-2430.9560546875
-4444.94091796875
-4137.9501953125
-3088.65966796875
-4063.322509765625
-1277.72509765625
-3885.222412109375
-2280.77001953125
-2042.3980712890625
-5169.9765625
-2457.41455078125
-4448.9365234375
-1978.5814208984375
-3618.332275390625
-4069.024169921875
-2833.139892578125
-5808.86767578125
-6755.5341796875
-3455.269775390625
-3920.91162109375
-4907.64111328125
-4135.25244140625
-5306.287109375
-4456.7177734375
-3834.40380859375
-6312.236328125
-5402.77294921875
-3198.17431640625
-3218.12939453125
-4839.21826171875
-1966.2510986328125
-3819.07080078125
-5401.07958984375
-5564.396484375
-5158.412109375
-4858.5400390625
-3687.547119140625
-3880.89599609375
-3203.1591796875
-3901.8359375
-4266.39599609375
-2408.753173828125
-5271.796875
-3896.705078125
-3453.958984375
-2773.88525390625
-3809.41162109375
-2207.82763671875
-3091.79248046875
-3148.56591796875
-4935.7578125
-4279.87451171875
-4866.39794921875
-2336.520263671875
-3225.0712890625
-6441.58984375
-4546.46630859375
-4688.943359375
-4129.9091796875
-4860.53515625
-2343.9140625
-3648.53955078125
-1870.57958984375
-3550.62548828125
-4602.98583984375
-3490.437744140625
-4323.3671875
-4930.64794921875
-1800.10205078125
-2396.05078125
-3669.7822265625
-3864.58056640625
-3843.895263671875
-2586.9521484375
-1877.2294921875
-3679.271484375
-4824.349609375
-2697.171630859375
-2454.988037109375
-3202.151123046875
-3208.20361328125
-5349.25537109375
-4282.44775390625
-4619.494140625
-4327.1943359375
-2094.782470703125
-2442.364013671875
-4547.59130859375
-1708.3360595703125
-4269.14306640625
-2518.94873046875
-3767.158935546875
-1823.0302734375
-2834.375244140625
-2595.13037109375
-5245.21875
-5062.26513671875
-4697.744140625
-4716.04052734375
-3608.798828125
-4938.9970703125
-4344.6171875
-3985.725830078125
-3358.125
-3792.63671875
-2513.26953125
-2238.939453125
-4163.9453125
-4660.193359375
-3484.066650390625
-5230.12646484375
-5610.4833984375
-3962.84814453125
-4444.82666015625
-5755.9853515625
-5258.1005859375
-4292.01708984375
-5037.88232421875
-3533.62060546875
-4361.1259765625
-3012.38916015625
-2025.2083740234375
-3922.23681640625
-2923.80322265625
-3209.62060546875
-4989.162109375
-1924.80810546875
-3113.1181640625
-3600.9853515625
-4358.0419921875
-2906.467529296875
-1947.688720703125
-5805.35888671875
-4825.01123046875
-4518.0439453125
-3466.6142578125
-2166.1875
-2558.69775390625
-4835.03369140625
-3034.844482421875
-4233.57421875
-5415.802734375
-4132.7529296875
-3140.9833984375
-5659.84619140625
-5502.0771484375
-3681.786376953125
-2899.873291015625
-3101.01171875
-4159.11865234375
-2607.5
-5830.322265625
-2465.58349609375
-4505.99462890625
-3815.0615234375
-2741.396484375
-4066.066650390625
-2304.380126953125
-3429.3798828125
-5266.99072265625
-2961.0166015625
-3135.556884765625
-4652.1171875
-2490.838134765625
-4099.48876953125
-4220.8486328125
-3197.408203125
-3786.5791015625
-3084.602783203125
-3016.32763671875
-4971.701171875
-2855.48974609375
-4839.16748046875
-2198.78857421875
-3618.99072265625
-3662.291748046875
-4353.83984375
-3103.2548828125
-3473.25439453125
-4093.082275390625
-2440.412109375
-3178.94482421875
-3212.30810546875
-5621.1533203125
-3941.962158203125
-3160.91455078125
-2734.8662109375
-2674.94921875
-4008.845458984375
-3769.99658203125
-5276.107421875
-2902.23046875
-1831.40234375
-1880.6234130859375
-2943.351318359375
-3318.220458984375
-2864.14599609375
-2873.35595703125
-3369.3779296875
-2991.34765625
-2461.205322265625
-4247.17626953125
-3053.87060546875
-3015.65234375
-4422.2470703125
-2464.71533203125
-2113.669677734375
-4208.8271484375
-3748.4404296875
-1873.8167724609375
-3405.75732421875
-4596.4365234375
-4302.12451171875
-3849.783447265625
-4266.640625
-2362.231201171875
-2444.3046875
-2033.5406494140625
-3159.710205078125
-1784.640380859375
-5174.2119140625
-3653.37548828125
-2632.83935546875
-4922.11083984375
-4765.2666015625
-4190.10205078125
-2916.405517578125
-2632.001953125
-4908.7744140625
-4115.2958984375
-1767.96728515625
-3541.288818359375
-1733.6119384765625
-4093.0302734375
-4891.85791015625
-2691.067138671875
-4597.41845703125
-3408.19189453125
-2965.15673828125
-2318.53662109375
-2461.5244140625
-3988.70751953125
-4893.0869140625
-1680.7901611328125
-2657.46435546875
-3822.181640625
-5039.06982421875
-3930.044921875
-5238.70703125
-3098.247802734375
-1876.7396240234375
-3676.279296875
-4728.1748046875
-3691.681396484375
-1611.2099609375
-3923.6064453125
-2326.5205078125
-3929.9267578125
-3456.8251953125
-2780.984130859375
-3236.39599609375
-3635.745361328125
-3501.1826171875
-3857.326171875
-2834.19677734375
-2829.859130859375
-3180.34619140625
-4309.9072265625
-5094.5048828125
-4409.66796875
-4463.203125
-2156.06591796875
-2835.2041015625
-2150.31591796875
-5433.19970703125
-3119.972412109375
-5605.572265625
-4377.74853515625
-4695.16650390625
-4038.23681640625
-2509.007568359375
-3860.340087890625
-4052.34716796875
-5314.52197265625
-3649.8408203125
-4500.04736328125
-4328.49169921875
-3646.87060546875
-2493.444091796875
-2893.752685546875
-4963.20849609375
-5609.9013671875
-4080.68359375
-5103.6025390625
-2501.304443359375
-2707.37353515625
-3592.927734375
-3279.6064453125
-3726.02685546875
-2763.406982421875
-3816.572509765625
-3626.933349609375
-3516.2216796875
-4172.466796875
-5149.4736328125
-2228.34228515625
-4176.0048828125
-5004.77734375
-4309.00390625
-4004.416015625
-3964.761962890625
-2946.97412109375
-2778.17138671875
-2930.01708984375
-4907.64453125
-5137.2265625
-3675.15966796875
-1987.988525390625
-2155.28125
-2520.429443359375
-2125.326171875
-2753.164794921875
-2847.23876953125
-4056.0830078125
-2623.0283203125
-4915.96337890625
-4368.74169921875
-3188.22802734375
-2898.099365234375
-5063.78955078125
-4851.47607421875
-3358.148193359375
-3340.213623046875
-4864.72119140625
-2705.36962890625
-2963.744384765625
-3020.33154296875
-4466.73388671875
-4447.5478515625
-4883.38525390625
-6058.708984375
-2264.271484375
-3159.75390625
-3344.484375
-3374.4765625
-3916.44873046875
-5387.412109375
-4712.90771484375
-3250.8623046875
-3387.685546875
-4229.3671875
-3360.16845703125
-3469.216552734375
-5357.73681640625
-3887.390625
-3027.505859375
-3135.72998046875
