-106.89891815185547
-106.96151733398438
-105.65831756591797
-107.34857177734375
-105.64776611328125
-107.380615234375
-105.72785949707031
-107.1742172241211
-106.15935516357422
-105.36267852783203
-105.65331268310547
-106.45972442626953
-104.5979995727539
-106.22477722167969
-104.9846420288086
-106.20751953125
-104.0148696899414
-105.89623260498047
-105.76970672607422
-104.41423797607422
-104.50965118408203
-104.1404037475586
-103.74591827392578
-104.78771209716797
-103.90449523925781
-104.6253890991211
-103.06401062011719
-103.34977722167969
-103.8703842163086
-102.83817291259766
-103.18551635742188
-103.74598693847656
-103.08304595947266
-103.82904052734375
-102.6504135131836
-103.77946472167969
-102.29046630859375
-103.09585571289062
-102.48275756835938
-102.0221939086914
-102.497314453125
-102.54344940185547
-101.73603820800781
-103.19151306152344
-101.72531127929688
-102.45047760009766
-101.29496765136719
-102.03874969482422
-102.08646392822266
-101.62855529785156
-100.8912582397461
-101.62294006347656
-101.40533447265625
-102.08316040039062
-100.75823974609375
-101.55595397949219
-100.34579467773438
-100.9918441772461
-100.81591033935547
-100.21257781982422
-100.01596069335938
-100.54684448242188
-100.09407043457031
-100.9726791381836
-99.91200256347656
-101.19035339355469
-99.62580108642578
-99.79341888427734
-100.15784454345703
-99.18423461914062
-99.73873901367188
-100.27950286865234
-99.27305603027344
-100.16980743408203
-98.7651596069336
-100.16195678710938
-98.6339340209961
-99.22314453125
-99.29498291015625
-98.78457641601562
-99.1166000366211
-99.38158416748047
-98.35149383544922
-99.7292709350586
-98.5884017944336
-99.59172821044922
-98.25244140625
-98.54794311523438
-98.53093719482422
-98.1703109741211
-98.42242431640625
-99.04692077636719
-98.15226745605469
-99.27818298339844
-98.1364974975586
-99.11620330810547
-97.38146209716797
-98.42247772216797
-98.21826171875
-97.76702880859375
-97.96104431152344
-98.40119934082031
-97.60591125488281
-98.59888458251953
-97.47920989990234
-99.01263427734375
-96.739013671875
-97.62642669677734
-97.52787017822266
-97.53479766845703
-97.75817108154297
-97.93641662597656
-97.14741516113281
-98.1443862915039
-97.28546142578125
-98.74124908447266
-96.5125503540039
-97.35791015625
-97.5482406616211
-96.71492004394531
-97.16925048828125
-98.05029296875
-97.06680297851562
-98.00330352783203
-96.85833740234375
-98.16507720947266
-96.4651870727539
-97.10163116455078
-97.73015594482422
-96.81611633300781
-96.90390014648438
-97.43669128417969
-96.12820434570312
-97.8019790649414
-96.6071548461914
-97.9170913696289
-95.83084869384766
-97.04132080078125
-97.09175109863281
-96.35281372070312
-96.79073333740234
-96.82460021972656
-96.5126724243164
-97.28205108642578
-96.42660522460938
-97.96597290039062
-95.65604400634766
-96.7547378540039
-97.11756896972656
-96.36778259277344
-96.94220733642578
-97.34266662597656
-96.39875030517578
-97.8588638305664
-96.30938720703125
-97.58863067626953
-95.31022644042969
-96.86241149902344
-96.8737564086914
-95.68928527832031
-96.74633026123047
-96.52864074707031
-96.32994842529297
-97.12942504882812
-96.45318603515625
-97.74256134033203
-95.31890869140625
-96.88472747802734
-96.61746978759766
-96.47057342529297
-97.28358459472656
-97.00578308105469
-95.83767700195312
-97.40974426269531
-96.10620880126953
-97.93598937988281
-95.51892852783203
-96.50635528564453
-96.73272705078125
-96.19427490234375
-96.61027526855469
-97.22720336914062
-96.48050689697266
-97.26556396484375
-96.32003021240234
-97.8268051147461
-95.4465560913086
-96.77472686767578
-96.92523193359375
-96.45813751220703
-96.88946533203125
-96.66189575195312
-96.42422485351562
-97.34619903564453
-96.61738586425781
-97.70466613769531
-95.47763061523438
-96.50720977783203
-96.95724487304688
-96.13314819335938
-96.22684478759766
-97.13055419921875
-96.08842468261719
-97.32159423828125
-96.42485046386719
-97.9601058959961
-95.66057586669922
-96.82606506347656
-96.70808410644531
-96.51591491699219
-96.833251953125
-96.80157470703125
-96.24456787109375
-97.46794128417969
-96.05227661132812
-97.90715789794922
-95.40943145751953
-96.7937240600586
-96.98934936523438
-96.55068969726562
-96.84070587158203
-96.97632598876953
-96.45426940917969
-97.68501281738281
-96.53994750976562
-97.86514282226562
-95.66242218017578
-96.89677429199219
-96.61461639404297
-96.95219421386719
-96.54932403564453
-97.51412200927734
-96.41365051269531
-97.52743530273438
-96.66680908203125
-97.69792938232422
-95.63320922851562
-96.39073181152344
-96.64410400390625
-96.5728988647461
-97.62960052490234
-97.13496398925781
-96.69544982910156
-97.40321350097656
-96.63685607910156
-97.8762435913086
-95.5551528930664
-97.0022201538086
-97.21550750732422
-97.04362487792969
-96.83070373535156
-97.28958892822266
-96.62447357177734
-97.93612670898438
-96.79182434082031
-97.934814453125
-96.31135559082031
-96.74205017089844
-97.20025634765625
-96.90081024169922
-97.44279479980469
-97.28340911865234
-96.99368286132812
-97.63573455810547
-97.03997802734375
-98.36345672607422
-96.01753234863281
-96.95260620117188
-97.33554077148438
-96.45684814453125
-97.10401153564453
-97.17466735839844
-97.24261474609375
-98.1229019165039
-97.0700454711914
-97.96729278564453
-95.994140625
-97.0167465209961
-97.16332244873047
-97.60186767578125
-97.18388366699219
-97.64929962158203
-97.44349670410156
-97.76541137695312
-97.51083374023438
-98.15833282470703
-95.90758514404297
-97.36212158203125
-96.83409881591797
-96.78868865966797
-97.65241241455078
-97.14934539794922
-97.23322296142578
-98.38827514648438
-96.82524108886719
-98.39344787597656
-95.69230651855469
-97.10938262939453
-97.26628875732422
-97.11430358886719
-97.64016723632812
-98.13909912109375
-97.19905090332031
-98.23807525634766
-97.41506958007812
-98.81672668457031
-96.23904418945312
-97.36683654785156
-97.48555755615234
-97.4803695678711
-97.64471435546875
-97.85657501220703
-97.54461669921875
-98.43463134765625
-97.04624938964844
-98.71444702148438
-96.33914184570312
-97.48778533935547
-97.73799896240234
-97.06281280517578
-97.3287124633789
-97.84053802490234
-97.90000915527344
-97.9343490600586
-97.40611267089844
-98.58534240722656
-96.71395874023438
-97.3759994506836
-98.22222900390625
-97.56489562988281
-97.91091918945312
-97.7566909790039
-97.9759750366211
-98.29936218261719
-97.30953216552734
-98.78833770751953
-96.4833755493164
-97.6584243774414
-98.24829864501953
-97.65864562988281
-97.86437225341797
-98.24765014648438
-97.41329956054688
-97.83739471435547
-97.77459716796875
-98.91534423828125
-96.39905548095703
-97.43914031982422
-97.9261703491211
-97.11524200439453
-97.75045013427734
-98.1523666381836
-97.7880630493164
-97.89248657226562
-97.2880859375
-98.76666259765625
-96.57823944091797
-97.9834976196289
-97.91810607910156
-97.51089477539062
-97.94441223144531
-98.4453353881836
-97.3953628540039
-98.40558624267578
-97.3353042602539
-99.09424591064453
-96.26605224609375
