-56.736915588378906
-56.1019474029541
-55.432926177978516
-54.80357704162598
-54.1713565826416
-53.568829727172854
-52.974409866333005
-52.38831634521485
-51.804251480102536
-51.25565376281738
-50.689750289916994
-50.161502838134766
-49.62252349853516
-49.1072696685791
-48.602980041503905
-48.13290138244629
-47.65478630065918
-47.21317672729492
-46.77053680419922
-46.3595386505127
-45.95325202941895
-45.570429992675784
-45.18850936889648
-44.836309814453124
-44.51038436889648
-44.189378356933595
-43.90119552612305
-43.633474349975586
-43.363182830810544
-43.13113708496094
-42.903207015991214
-42.69005584716797
-42.4972038269043
-42.30596389770508
-42.149739837646486
-41.990570831298825
-41.84707069396973
-41.71902618408203
-41.59883804321289
-41.48179817199707
-41.36940307617188
-41.27880668640137
-41.18778610229492
-41.10144538879395
-41.03485374450683
-40.9566463470459
-40.8901252746582
-40.82757301330567
-40.77057075500488
-40.71394920349121
-40.660173416137695
-40.6060188293457
-40.56281967163086
-40.51788558959961
-40.47408561706543
-40.440764617919925
-40.403248977661136
-40.35600891113281
-40.32551803588867
-40.27920150756836
-40.25445709228516
-40.220878982543944
-40.184482955932616
-40.152809143066406
-40.123715209960935
-40.09134864807129
-40.07058219909668
-40.040093994140626
-40.00566787719727
-39.97866439819336
-39.95171585083008
-39.922061920166016
-39.89822769165039
-39.86876106262207
-39.840074920654295
-39.81486701965332
-39.79497871398926
-39.76978378295898
-39.74281044006348
-39.72018928527832
-39.698319625854495
-39.66976737976074
-39.65233535766602
-39.627973556518555
-39.59985618591308
-39.58487815856934
-39.55587387084961
-39.53879013061523
-39.52158164978027
-39.499700927734374
-39.48234481811524
-39.45243835449219
-39.43506698608398
-39.41806907653809
-39.40007400512695
-39.378787994384766
-39.35403633117676
-39.3423412322998
-39.31849327087402
-39.30564460754395
-39.28788719177246
-39.27211647033691
-39.24582633972168
-39.231333541870114
-39.2193244934082
-39.200540161132814
-39.18750114440918
-39.16968269348145
-39.154205322265625
-39.13074913024902
-39.12162208557129
-39.10066909790039
-39.09321746826172
-39.08630867004395
-39.06441802978516
-39.05520744323731
-39.03797492980957
-39.029090118408206
-39.0187385559082
-38.993764877319336
-38.991552734375
-38.97436370849609
-38.96377716064453
-38.9505859375
-38.94404067993164
-38.929525756835936
-38.919423294067386
-38.90573272705078
-38.89753036499023
-38.88586578369141
-38.8750717163086
-38.86491317749024
-38.85635185241699
-38.84732208251953
-38.837839126586914
-38.83439826965332
-38.82207336425781
-38.808820724487305
-38.796427154541014
-38.788076400756836
-38.77728157043457
-38.76998519897461
-38.764535140991214
-38.74901161193848
-38.74722557067871
-38.74235305786133
-38.73268508911133
-38.730813598632814
-38.71506309509277
-38.7090763092041
-38.69677734375
-38.69630661010742
-38.687099075317384
-38.68238067626953
-38.675224685668944
-38.674600219726564
-38.6596019744873
-38.65671501159668
-38.64730453491211
-38.641160583496095
-38.64008560180664
-38.62787284851074
-38.626338195800784
-38.61508750915527
-38.61304702758789
-38.60398292541504
-38.599480056762694
-38.59399566650391
-38.58311424255371
-38.584390258789064
-38.57548370361328
-38.572444152832034
-38.565429306030275
-38.566522216796876
-38.56014556884766
-38.553487396240236
-38.54904289245606
-38.54323387145996
-38.54212417602539
-38.53628845214844
-38.52335433959961
-38.515710067749026
-38.513101196289064
-38.509130859375
-38.50242042541504
-38.49165229797363
-38.491407775878905
-38.48503646850586
-38.47514419555664
-38.4717300415039
-38.47260856628418
-38.47324409484863
-38.46602210998535
-38.45993995666504
-38.45468597412109
-38.44449043273926
-38.43874626159668
-38.432383346557614
-38.43068733215332
-38.420928955078125
-38.42108383178711
-38.414032745361325
-38.40676689147949
-38.40376777648926
-38.40804557800293
-38.398999786376955
-38.388498306274414
-38.39032821655273
-38.381843948364256
-38.37758369445801
-38.37574501037598
-38.3674732208252
-38.361314392089845
-38.36104393005371
-38.35533256530762
-38.339698791503906
-38.33272171020508
-38.33209915161133
-38.32501449584961
-38.32082901000977
-38.31452903747559
-38.308877563476564
-38.30885009765625
-38.2978702545166
-38.29494972229004
-38.28357925415039
-38.282955932617185
-38.2765697479248
-38.26977462768555
-38.26547393798828
-38.253744506835936
-38.249673461914064
-38.244164657592776
-38.2332347869873
-38.22858581542969
-38.22699737548828
-38.219038772583005
-38.20781898498535
-38.203830337524415
-38.196620559692384
-38.192602920532224
-38.18838653564453
-38.18278427124024
-38.17554626464844
-38.169884872436526
-38.15941848754883
-38.146138763427736
-38.14079208374024
-38.13731727600098
-38.12813720703125
-38.12073402404785
-38.11602516174317
-38.10142936706543
-38.10150680541992
-38.09152679443359
-38.07902030944824
-38.07013053894043
-38.06575736999512
-38.05619659423828
-38.05032806396484
-38.03775749206543
-38.034318161010745
-38.020484924316406
-38.012613677978514
-38.00532341003418
-37.99818382263184
-37.99090576171875
-37.98272895812988
-37.975439453125
-37.965536499023436
-37.95534896850586
-37.93896217346192
-37.92549781799316
-37.92282485961914
-37.904244613647464
-37.89649543762207
-37.88750038146973
-37.87818450927735
-37.87434463500976
-37.85796928405762
-37.850820541381836
-37.83775024414062
-37.82681083679199
-37.818457412719724
-37.80722541809082
-37.79287986755371
-37.77792587280273
-37.7691764831543
-37.75565795898437
-37.748338317871095
-37.731835174560544
-37.725199127197264
-37.713653564453125
-37.687883377075195
-37.683028030395505
-37.66535758972168
-37.65032119750977
-37.64073295593262
-37.62694969177246
-37.61419792175293
-37.59600410461426
-37.58040084838867
-37.57263031005859
-37.55932846069336
-37.54472351074219
-37.53023567199707
-37.51458206176758
-37.50170402526855
-37.4835563659668
-37.46351432800293
-37.44609260559082
-37.42836036682129
-37.41612777709961
-37.40105514526367
-37.37955780029297
-37.37068405151367
-37.34360961914062
-37.33092918395996
-37.309692001342775
-37.297036743164064
-37.281419372558595
-37.25742454528809
-37.24226875305176
-37.21827507019043
-37.20206184387207
-37.1790412902832
-37.16831016540527
-37.14659805297852
-37.12372398376465
-37.10377197265625
-37.08508377075195
-37.06658363342285
-37.04222221374512
-37.021447372436526
-37.002261352539065
-36.980628967285156
-36.95810775756836
-36.93928108215332
-36.91580390930176
-36.89456329345703
-36.876670837402344
-36.84900169372558
-36.83181953430176
-36.80516929626465
-36.782242965698245
-36.7600212097168
-36.737989044189455
-36.712304306030276
-36.68962097167969
-36.66665916442871
-36.64165496826172
-36.61633071899414
-36.59204368591308
-36.5697135925293
-36.54726905822754
-36.51930961608887
-36.49499359130859
-36.47467727661133
-36.446784591674806
-36.424058532714845
-36.39737434387207
-36.372751998901364
-36.348113250732425
-36.3225154876709
-36.29742851257324
-36.274675369262695
-36.24514312744141
-36.22211837768555
-36.19583015441894
-36.169171524047854
-36.14669532775879
-36.126913452148436
-36.09853248596191
-36.073459243774415
-36.04967041015625
-36.027508926391604
-36.00138511657715
-35.97743453979492
-35.954246520996094
-35.930127716064455
-35.90770263671875
-35.881066513061526
-35.8631175994873
-35.838012313842775
-35.81526260375976
-35.794657135009764
-35.7719123840332
-35.749375915527345
-35.72987365722656
-35.708295822143555
-35.68517913818359
-35.66500129699707
-35.64863204956055
-35.62704010009766
-35.60759315490723
-35.588094329833986
-35.572837829589844
-35.55206413269043
-35.53480911254883
-35.51694946289062
-35.50001525878906
-35.48101692199707
-35.46495323181152
-35.44769439697266
-35.43455848693848
-35.41686325073242
-35.40148811340332
-35.38749198913574
-35.3724063873291
-35.357753372192384
-35.34546966552735
-35.33180961608887
-35.317420196533206
-35.303415298461914
-35.29236183166504
-35.27720756530762
-35.26451416015625
-35.25253028869629
-35.24186401367187
-35.2310905456543
-35.220676803588866
-35.21073913574219
-35.19972457885742
-35.18629531860351
-35.17818717956543
-35.16635513305664
-35.15883255004883
-35.14706687927246
-35.13914909362793
-35.128966903686525
-35.12000007629395
-35.11101608276367
-35.10392112731934
-35.09541320800781
-35.0883113861084
-35.07991600036621
-35.07304763793945
-35.06401481628418
-35.05699615478515
-35.04981918334961
-35.04271545410156
-35.03674163818359
-35.02970542907715
-35.02394065856934
-35.017821884155275
-35.01069450378418
-35.00494232177734
-34.99974174499512
-34.992413711547854
-34.98672676086426
-34.98159523010254
-34.97622489929199
-34.9708366394043
-34.96622085571289
-34.95975189208984
-34.953090286254884
-34.95161247253418
-34.94552764892578
-34.9410816192627
-34.934854125976564
-34.931396484375
-34.92761154174805
-34.92269020080566
-34.91955986022949
-34.91391105651856
-34.90981101989746
-34.90705451965332
-34.90260810852051
-34.89801139831543
-34.895159530639646
-34.89000968933105
-34.8878978729248
-34.88447151184082
-34.88065719604492
-34.87667617797852
-34.8736083984375
-34.8716423034668
-34.86793479919434
-34.86520271301269
-34.86139068603516
-34.85865669250488
-34.85628890991211
-34.853363037109375
-34.849588775634764
-34.847343826293944
-34.84480857849121
-34.84209976196289
-34.83766136169434
-34.83520584106445
-34.833180618286136
-34.830447387695315
-34.82797966003418
-34.82641525268555
-34.82361335754395
-34.822106170654294
-34.818373107910155
-34.817236709594724
-34.814527893066405
-34.81242485046387
-34.81053619384765
-34.80770492553711
-34.8067138671875
-34.80446014404297
-34.80299453735351
-34.8004566192627
-34.798415184020996
-34.79756660461426
-34.79485816955567
-34.79294052124023
-34.791588592529294
-34.78975639343262
-34.78801498413086
-34.78710517883301
-34.78519287109375
-34.78260040283203
-34.78056259155274
-34.77951583862305
-34.77867546081543
-34.776980590820315
-34.775081634521484
-34.7731430053711
-34.770861053466795
-34.770228958129884
-34.76882133483887
-34.76873588562012
-34.76594200134277
-34.765215682983396
-34.764105224609374
-34.76252899169922
-34.760231018066406
-34.759503555297854
-34.75833320617676
-34.757511901855466
-34.756269454956055
-34.754429244995116
-34.75399169921875
-34.752749633789065
-34.75154762268066
-34.75000152587891
-34.74884147644043
-34.747900390625
-34.746762084960935
-34.74550552368164
-34.74491233825684
-34.74371185302734
-34.74210319519043
-34.74153518676758
-34.739973831176755
-34.73975868225098
-34.7383113861084
-34.737108612060545
-34.73637428283691
-34.735699844360354
-34.73480377197266
-34.734282684326175
-34.73305130004883
-34.7322280883789
-34.73115501403809
-34.73048286437988
-34.72913093566895
-34.72822723388672
-34.72840423583985
-34.72674407958984
-34.72605209350586
-34.72480735778809
-34.724457359313966
-34.72301177978515
-34.7234245300293
-34.7227725982666
-34.722293090820315
-34.72059097290039
-34.72023696899414
-34.71988410949707
-34.71814193725586
-34.717935180664064
-34.71735801696777
-34.71696109771729
-34.71583862304688
-34.7159610748291
-34.71505470275879
-34.71429328918457
-34.713361740112305
-34.71319351196289
-34.71234474182129
-34.71181526184082
-34.71123275756836
-34.70989418029785
-34.70965919494629
-34.70948333740235
-34.708512496948245
-34.70776863098145
-34.70695152282715
-34.7069034576416
-34.70661659240723
-34.70557289123535
-34.70518341064453
-34.70474700927734
-34.70407562255859
-34.70405197143555
-34.70318069458008
-34.70253982543945
-34.701409912109376
-34.70136337280273
-34.70101127624512
-34.700448226928714
-34.70018310546875
-34.699924087524415
-34.69905319213867
-34.6986946105957
-34.6978042602539
-34.69781341552734
-34.697679138183595
-34.69676628112793
-34.696349716186525
-34.695925903320315
-34.69534454345703
-34.695174026489255
-34.69527702331543
-34.694237899780276
-34.69392318725586
-34.69291343688965
-34.693078231811526
-34.69222869873047
-34.692068099975586
-34.69189109802246
-34.69169616699219
-34.69121398925781
-34.69051895141602
-34.68999557495117
-34.68975353240967
-34.68876609802246
-34.68941650390625
-34.689048767089844
-34.688364028930664
-34.688092422485354
-34.68786964416504
-34.68733367919922
-34.686577224731444
-34.68658218383789
-34.68668403625488
-34.68547401428223
-34.685298156738284
-34.68529624938965
-34.68517417907715
-34.684261322021484
-34.68401336669922
-34.683991241455075
-34.683668518066405
-34.68340950012207
-34.682983016967775
-34.682606887817386
-34.68218231201172
-34.68216247558594
-34.6824390411377
-34.68228378295898
-34.68123359680176
-34.68123359680176
-34.68062553405762
-34.68085708618164
-34.68029556274414
-34.68016662597656
-34.68016815185547
-34.6796630859375
-34.679074096679685
-34.678710556030275
-34.678646087646484
-34.678463745117185
-34.67802734375
-34.67770118713379
-34.67784881591797
-34.677270126342776
-34.67739982604981
-34.67661552429199
-34.67726783752441
-34.676720809936526
-34.67653121948242
-34.67577133178711
-34.676022338867185
-34.67553062438965
-34.67526092529297
-34.67489166259766
-34.674788284301755
-34.67502784729004
-34.6745418548584
-34.674377822875975
-34.6742919921875
-34.67347373962402
-34.67333450317383
-34.67341957092285
-34.673092651367185
-34.67314567565918
-34.67304954528809
-34.672675704956056
-34.67190704345703
-34.67205123901367
-34.67183380126953
-34.6714111328125
-34.6715913772583
-34.671343612670896
-34.671107864379884
-34.67106971740723
-34.67069358825684
-34.670531845092775
-34.670096969604494
-34.670524215698244
-34.670035934448244
-34.67026596069336
-34.67007331848144
-34.66980171203613
-34.66920471191406
-34.66930160522461
-34.66904144287109
-34.668588638305664
-34.668678283691406
-34.668653869628905
-34.668684005737305
-34.668074417114255
-34.668121337890625
-34.66791038513183
-34.667877197265625
-34.66763076782227
-34.667596435546876
-34.666754150390624
-34.66703300476074
-34.66721382141113
-34.66643943786621
-34.66668548583984
-34.6664623260498
-34.666025161743164
-34.66607513427734
-34.66614456176758
-34.66564598083496
-34.665399169921876
-34.66551322937012
-34.665260314941406
-34.665259552001956
-34.6652530670166
-34.665195846557616
-34.665131378173825
-34.664703941345216
-34.66421127319336
-34.66436347961426
-34.66416473388672
-34.66455345153808
-34.66405754089355
-34.66410942077637
-34.66378974914551
-34.66364212036133
-34.66349754333496
-34.66311874389648
-34.6635986328125
-34.66364860534668
-34.663204193115234
-34.66301803588867
-34.66311073303223
-34.66260986328125
-34.66318702697754
-34.66238708496094
-34.66247711181641
-34.6621654510498
-34.662550354003905
-34.662038040161136
-34.66205253601074
-34.66186676025391
-34.66147117614746
-34.66163558959961
-34.661726760864255
-34.661397552490236
-34.66114883422851
-34.66130065917969
-34.661004638671876
-34.66099319458008
-34.660967636108396
-34.660803985595706
-34.6608283996582
-34.66054153442383
-34.66028480529785
-34.66051750183105
-34.66034164428711
-34.6600284576416
-34.65994834899902
-34.65984268188477
-34.65979919433594
-34.65987434387207
-34.65977783203125
-34.65966567993164
-34.65971031188965
-34.65953826904297
-34.659420776367185
-34.65926170349121
-34.6593132019043
-34.65880279541015
