1.4704596519470214
1.441480815410614
1.4902340054512024
1.4808504819869994
1.4871441841125488
1.509239399433136
1.5285815238952636
1.5164260268211365
1.5154735088348388
1.5118024826049805
1.6026162385940552
1.5721447587013244
1.5890133857727051
1.602183425426483
1.6353955626487733
1.6348894000053407
1.680358338356018
1.6582340478897095
1.7049693703651427
1.7495874285697937
1.7415762186050414
1.7928536057472229
1.7709748983383178
1.765191900730133
1.8042139410972595
1.8956982851028443
1.882526934146881
1.8500712633132934
1.8860970735549927
1.8803339004516602
1.8988649249076843
1.9326819896697998
1.9521124720573426
1.9523386359214783
2.016110622882843
2.018346631526947
2.0225311636924745
2.035430645942688
2.0569647669792177
2.086534893512726
2.1095585942268373
2.072095787525177
2.092822754383087
2.1116819858551024
2.1583773255348206
2.084228718280792
2.1725693106651307
2.1783263802528383
2.207758164405823
2.18793671131134
2.2030216693878173
2.200266492366791
2.2138998746871947
2.20511794090271
2.1650826692581178
2.1971288204193113
2.2188583612442017
2.1519617557525637
2.2075716137886046
2.254645276069641
2.219141459465027
2.163928782939911
2.2192951440811157
2.2598247289657594
2.286593127250671
2.3108765125274657
2.3163292169570924
2.3342087268829346
2.2607231616973875
2.295432782173157
2.254295492172241
2.303071928024292
2.369131851196289
2.3032037734985353
2.3037716150283813
2.310974431037903
2.397379207611084
2.305780065059662
2.398452067375183
2.35260272026062
2.352743649482727
2.391045665740967
2.3938417196273805
2.4053032398223877
2.4226457834243775
2.324469494819641
2.3488129138946534
2.3744953632354737
2.4446255683898928
2.4061999559402465
2.416099119186401
2.4259878635406493
2.3889666557312013
2.4748003005981447
2.3660161018371584
2.472904372215271
2.399519610404968
2.4648508071899413
2.495742130279541
2.4777184963226317
2.49895441532135
2.519600582122803
2.481220579147339
2.479008102416992
2.558612012863159
2.4339741706848144
2.4492484092712403
2.469221329689026
2.495190238952637
2.521136426925659
2.4932179927825926
2.509674620628357
2.5179815530776977
2.5469332695007325
2.591279149055481
2.5433141469955443
2.5378741025924683
2.558984065055847
2.5346628189086915
2.5586418867111207
2.5524999141693114
2.6178424835205076
2.656319236755371
2.5449667453765867
2.5999050378799438
2.635394501686096
2.6051795721054076
2.636164736747742
2.5693537473678587
2.6651134729385375
2.632371520996094
2.5443421363830567
2.5921371221542358
2.6368661880493165
2.633590507507324
2.624440336227417
2.651290845870972
2.594226288795471
2.5756558179855347
2.689167857170105
2.6522881269454954
2.7012163400650024
2.760190653800964
2.62042977809906
2.694545125961304
2.686152195930481
2.6654109239578245
2.774191164970398
2.634579873085022
2.651735520362854
2.7675819873809813
2.770381236076355
2.7251853466033937
2.7120632886886598
2.712749695777893
2.7685425996780397
2.7245660066604613
2.78465096950531
2.798081946372986
2.845717525482178
2.801925230026245
2.703569459915161
2.7345231056213377
2.7011396408081056
2.8638957738876343
2.785653567314148
2.8450302839279176
2.749719667434692
2.8303144454956053
2.8444108724594117
2.7728209018707277
2.7873242139816283
2.7863365411758423
2.8575958013534546
2.776585841178894
2.7872082233428954
2.8308236360549928
2.856567549705505
2.8567123889923094
2.7118080615997315
2.846178722381592
2.7972970247268676
2.78638596534729
2.8097460985183718
2.902116084098816
2.8016835927963255
2.873224639892578
2.827569317817688
2.7764216661453247
2.8798707485198975
2.8781151294708254
2.7774254322052
2.866640901565552
2.8340441226959228
2.8531338453292845
2.885466432571411
2.867436337471008
2.9096468448638917
2.853999376296997
2.8801764011383058
2.894014859199524
2.8933486938476562
2.896428847312927
2.8569767475128174
2.837143158912659
2.881065320968628
2.8744558334350585
2.8368685722351072
2.9106072425842284
2.8740671157836912
2.8644371032714844
2.8515472412109375
2.9322339057922364
2.839314579963684
2.9209902048110963
2.9858474731445312
2.889173746109009
2.9551719427108765
2.923950719833374
2.895765233039856
2.98229238986969
2.8751077890396117
2.9387261390686037
2.9186648607254027
2.968008780479431
2.9101864814758303
2.9490851402282714
2.821217346191406
2.956616473197937
2.9516921520233153
2.9268149375915526
2.9746559381484987
2.973820757865906
2.9364686489105223
2.994166922569275
2.894986462593079
2.9729018688201903
2.8936906099319457
3.034099793434143
2.895461916923523
2.982700777053833
2.9256819248199464
2.989190196990967
2.9734185934066772
2.9800097942352295
2.9616788625717163
2.8991633653640747
2.920470881462097
2.9722607851028444
2.917976140975952
2.8779436111450196
2.923324632644653
2.972268080711365
2.8890219211578367
3.0014480113983155
3.04079122543335
2.9970271587371826
2.966671419143677
2.993913722038269
2.928892469406128
2.9466517210006713
2.904158926010132
2.9679587841033936
2.9412359237670898
2.989073300361633
2.965239238739014
3.0309890031814577
2.9619685649871825
2.980856943130493
2.9498490571975706
2.940054106712341
2.9511523962020876
3.059355902671814
2.9460726022720336
3.0433180809020994
2.9653770208358763
2.9918167352676392
3.015803074836731
2.9575031757354737
3.041213846206665
2.9636704683303834
3.0474825382232664
3.096039652824402
2.9874361515045167
2.9784307718276977
3.0770418643951416
3.0649120807647705
2.994612193107605
3.039129447937012
2.88656370639801
3.009843039512634
3.053586506843567
2.9427732944488527
2.9881420373916625
3.05122652053833
3.0882047176361085
3.0440866947174072
3.0217936277389525
3.0276386737823486
2.972186827659607
3.0575730085372923
3.013819932937622
2.964814043045044
3.060213589668274
3.0543075084686278
3.03205201625824
3.0224700450897215
2.982291412353516
3.000588893890381
2.998428797721863
3.0658405303955076
3.0327368497848513
2.9620954513549806
3.0566773891448973
3.02106716632843
3.027362060546875
3.0564029455184936
3.102823996543884
2.9592167854309084
2.9635165214538572
3.0002201318740847
2.939053988456726
3.045043969154358
3.0566160678863525
3.086552929878235
3.0446303844451905
3.015443277359009
3.1144617795944214
2.9677106142044067
3.0671096563339235
3.143767499923706
3.0615748882293703
3.0845419645309446
3.105430316925049
3.1302290678024294
3.1272385835647585
3.032653832435608
3.092980241775513
3.0314629077911377
3.1213608026504516
3.0671315670013426
2.975997281074524
3.03745641708374
3.1524851322174072
3.087390828132629
3.018707752227783
3.091379761695862
3.1367640018463137
3.118494749069214
3.168536567687988
3.113900923728943
3.052510690689087
3.118810606002808
3.0572316646575928
3.208637022972107
3.1889113664627073
3.072739338874817
3.126105546951294
3.131754446029663
3.11733717918396
3.1751636028289796
3.1404349327087404
3.070562648773193
3.169772672653198
3.1301038026809693
3.099151921272278
3.0969114780426024
3.1097437143325806
3.1050153970718384
3.128273844718933
3.182120513916016
3.1981483936309814
3.1778666019439696
3.200909161567688
3.1333407402038573
3.1477198123931887
3.156165289878845
3.1169366598129273
3.206393337249756
3.2256134033203123
3.1651852130889893
3.1722990036010743
3.187397313117981
3.2624011754989626
3.187674570083618
3.1909387350082397
3.2291781187057493
3.264355778694153
3.1794032573699953
3.1562754631042482
3.1676000118255616
3.198429989814758
3.244405150413513
3.1109803676605225
3.2791863918304442
3.172459101676941
3.239520812034607
3.2698676109313967
3.3088035345077516
3.2557056188583373
3.216335582733154
3.274385857582092
3.2469099044799803
3.315562534332275
3.2756386041641234
3.2896962404251098
3.343448758125305
3.321731424331665
3.36228928565979
3.35981822013855
3.338334012031555
3.3553496837615966
3.4280713558197022
3.361219382286072
3.3437407970428468
3.347786211967468
3.3418973684310913
3.404758334159851
3.427236223220825
3.377498507499695
3.427110505104065
3.476689171791077
3.3693574190139772
3.326862835884094
3.398070979118347
3.406945490837097
3.4422616243362425
3.438601565361023
3.4040998220443726
3.4277713537216186
3.482701134681702
3.5146031618118285
3.526280069351196
3.490647554397583
3.5118888139724733
3.491414022445679
3.474126625061035
3.5688371658325195
3.5821986198425293
3.6376283407211303
3.551681566238403
3.6756347894668577
3.662944507598877
3.6669079303741454
3.6259745359420776
3.5805519342422487
3.673596739768982
3.6158152341842653
3.5514501333236694
3.6240902185440063
3.676992678642273
3.6903281211853027
3.6847974061965942
3.695756506919861
3.6591539859771727
3.7129749059677124
3.7451172828674317
3.7902324914932253
3.7682482242584228
3.7372785568237306
3.773993396759033
3.793550181388855
3.9025365114212036
3.9334940910339355
3.8445602893829345
3.8548829555511475
3.9454200983047487
3.9468624591827393
3.916373634338379
3.853506016731262
3.9976747751235964
3.9098357200622558
3.971304416656494
4.009009432792664
4.05839684009552
3.961625361442566
4.060260128974915
4.0071725130081175
4.145307564735413
4.053574013710022
4.148024702072144
4.095231056213379
4.046615958213806
4.1173073053359985
4.169957566261291
4.245433044433594
4.2453114748001095
4.2119948148727415
4.272366571426391
4.2669432163238525
4.324071884155273
4.328606033325196
4.441607093811035
4.422362470626831
4.364698505401611
4.377449035644531
4.3705201864242555
4.494318199157715
4.555124664306641
4.425497198104859
4.476921844482422
4.615496730804443
4.576781177520752
4.615891742706299
4.663326025009155
4.745461654663086
4.686345338821411
4.7209734439849855
4.699048280715942
4.756836080551148
4.825130987167358
4.77771635055542
4.802355861663818
4.93503155708313
4.944979810714722
4.899661922454834
5.000070190429687
5.067072486877441
5.116853523254394
5.078477001190185
5.04721245765686
5.136113405227661
5.123560905456543
5.289596700668335
5.258835554122925
5.234268999099731
5.305433368682861
5.3392014503479
5.38698902130127
5.36093692779541
5.552318382263183
5.499993419647216
5.557804012298584
5.6052961349487305
5.6361006736755375
5.636783313751221
5.70706033706665
5.75148344039917
5.747510004043579
5.870907831192016
5.845625686645508
5.917800188064575
6.033590412139892
6.040421390533448
5.981899690628052
6.070238304138184
6.059331655502319
6.144424819946289
6.132212162017822
6.287432050704956
6.22522668838501
6.3017419338226315
6.308076095581055
6.372095537185669
6.292001247406006
6.448447418212891
6.449884414672852
6.547770738601685
6.674811220169067
6.594716501235962
6.580924463272095
6.708157205581665
6.600728130340576
6.776440286636353
6.721285772323609
6.741498947143555
6.832084321975708
6.847714614868164
6.826094102859497
6.889718151092529
7.0004089832305905
6.9888170719146725
6.979988050460816
7.089721441268921
7.037077617645264
7.094178104400635
7.1677343368530275
7.210748100280762
7.244941568374633
7.244234228134156
7.246235704421997
7.317615365982055
7.3369239330291744
7.319178485870362
7.432541799545288
7.477856922149658
7.517502212524414
7.480464076995849
7.512348937988281
7.5687014102935795
7.62541708946228
7.6555744171142575
7.628021001815796
7.686168432235718
7.691242122650147
7.684632158279419
7.73012228012085
7.800014495849609
7.807588195800781
7.8094096183776855
7.819659328460693
7.8518256664276125
7.837673568725586
7.927102947235108
7.910800361633301
7.936422348022461
7.949321174621582
8.000671815872192
7.970152044296265
8.026648998260498
8.06174612045288
8.111924839019775
8.142693328857423
8.144185781478882
8.192568254470824
8.162356042861939
8.19648118019104
8.241704273223878
8.238964176177978
8.235726356506348
8.224347114562988
8.29604721069336
8.299335861206055
8.28372802734375
8.319509029388428
8.363874530792236
8.379204273223877
8.39167766571045
8.44030475616455
8.407035732269287
8.351342678070068
8.442320728302002
8.487191867828368
8.466986846923827
8.47981367111206
8.558917236328124
8.551881027221679
8.562803649902344
8.58377571105957
8.610719203948975
8.62447509765625
8.600164985656738
8.626547813415527
8.632336711883545
8.62632999420166
8.648041725158691
8.689847373962403
8.680920505523682
8.680626964569091
8.690777683258057
8.745403385162353
8.75306339263916
8.737120056152344
8.77000322341919
8.780241107940673
8.775257205963134
8.777023220062256
8.826731109619141
8.811874866485596
8.825493240356446
8.863219928741454
8.843173599243164
8.864599514007569
8.891677093505859
8.918750762939453
8.901071071624756
8.90892162322998
8.932157039642334
8.91906566619873
8.94936819076538
8.994482517242432
8.984224891662597
8.998496818542481
8.978960418701172
8.968509769439697
9.005475330352784
9.006939697265626
9.025384616851806
9.02189588546753
9.034509563446045
9.061499691009521
9.076091003417968
9.077684020996093
9.093452262878419
9.08903865814209
9.088114833831787
9.127074146270752
9.125841808319091
9.133355903625489
9.124099922180175
9.121493339538574
9.16030797958374
9.163389492034913
9.1912260055542
9.178757286071777
9.179277515411377
9.16231107711792
9.176975727081299
9.194457626342773
9.18360357284546
9.205180644989014
9.220749950408935
9.2307053565979
9.22272777557373
9.250216484069824
9.228436946868896
9.269246768951415
9.224350738525391
9.264800262451171
9.258265113830566
9.269252395629882
9.275626468658448
9.276375198364258
9.284908962249755
9.283373165130616
9.282666301727295
9.321945858001708
9.30086317062378
9.330659961700439
9.3114333152771
9.357192993164062
9.348547267913819
9.342627143859863
9.330344486236573
9.3687313079834
9.366987037658692
9.34900255203247
9.348765850067139
9.379415035247803
9.398528861999512
9.376705741882324
9.396634101867676
9.366817951202393
9.399174118041993
9.385411739349365
9.424175357818603
9.419386672973634
9.425990772247314
9.414272117614747
9.431904506683349
9.437444877624511
9.440031909942627
9.439603328704834
9.461564826965333
9.454867458343506
9.478110408782959
9.447737216949463
9.478556728363037
9.481065845489502
9.44867753982544
9.499807834625244
9.487952041625977
9.494684410095214
9.507217597961425
9.487965488433838
9.512803745269775
9.521546268463135
9.504838180541991
9.5152117729187
9.506862354278564
9.514537239074707
9.525378322601318
9.520048046112061
9.531437397003174
9.548738574981689
9.55329065322876
9.540734100341798
9.552059364318847
9.544180297851563
9.546022891998291
9.570129776000977
9.560183811187745
9.562493705749512
9.55646572113037
9.584406566619872
9.57010269165039
9.569800281524659
9.573452758789063
9.583199787139893
9.583100318908691
9.584112644195557
9.594000720977784
9.5947265625
9.591507625579833
9.604680252075195
9.613552665710449
9.618089485168458
9.61027126312256
9.618648910522461
9.622466468811036
9.619348335266114
9.624788951873779
9.620189094543457
9.627737522125244
9.633550357818603
9.630175018310547
9.644342708587647
9.649326515197753
9.64654474258423
9.645131874084473
9.635316467285156
9.657338333129882
9.649592304229737
9.651265907287598
9.663489151000977
9.649763202667236
9.653103160858155
9.660409641265868
9.670650959014893
9.671263504028321
9.672925186157226
9.684313488006591
9.67466049194336
9.681209182739257
9.670855522155762
9.67143144607544
9.672921085357666
9.68912868499756
9.690775108337402
9.690210437774658
9.69641056060791
9.704743671417237
9.70049524307251
9.7053542137146
9.701569843292237
9.710531902313232
9.719322299957275
9.718889427185058
9.705157661437989
9.714469909667969
9.71061372756958
9.726857376098632
9.722687339782714
9.725236892700195
9.72432451248169
9.73943338394165
9.7273699760437
9.71986436843872
9.72744197845459
9.72693748474121
9.743342399597168
9.73346643447876
9.731289386749268
9.741721057891846
9.744424819946289
9.74481897354126
9.741443347930907
9.746466159820557
9.751754474639892
9.751334381103515
9.748719787597656
9.744890785217285
9.756769180297852
9.75674810409546
9.759817695617675
9.76401491165161
9.767264366149902
9.750984859466552
9.76640682220459
9.760213279724121
9.768401336669921
9.771986484527588
9.77311725616455
9.771611881256103
9.779178905487061
9.779786586761475
9.78341360092163
9.779189109802246
9.775939846038819
9.781163501739503
9.774845409393311
9.78083086013794
9.792065143585205
9.780381107330323
9.786160945892334
9.7954252243042
9.795589828491211
9.795559120178222
9.790880584716797
9.796814823150635
9.800455856323243
9.79618797302246
9.793233585357665
9.804827213287354
9.803534507751465
9.808763599395752
9.804007434844971
9.80953664779663
9.809557723999024
9.8125750541687
9.811915016174316
9.813643646240234
9.808833980560303
9.813731861114501
9.825811195373536
9.816059875488282
9.819517040252686
9.831785202026367
9.822574901580811
9.82276201248169
9.828914260864257
9.825365543365479
9.823768520355225
9.831771183013917
9.830086708068848
9.826543521881103
9.82812213897705
9.833004570007324
9.825786304473876
9.832977676391602
9.832302951812744
9.833888626098632
9.835259437561035
9.837988758087159
9.842250633239747
9.843249034881591
9.842074584960937
9.84493522644043
9.845553016662597
9.84240894317627
9.844801712036134
9.842317676544189
9.84902114868164
9.842212104797364
9.848562049865723
9.855133533477783
9.849718379974366
9.84862174987793
9.85617208480835
9.85492925643921
9.856801891326905
9.853866958618164
9.862409591674805
9.85637378692627
9.857286739349366
9.859567070007325
9.859620094299316
9.85513916015625
9.857936000823974
9.857867527008057
9.866665172576905
9.867974090576173
9.867273330688477
9.8652268409729
9.864376544952393
9.868219375610352
9.869753646850587
9.867277431488038
9.867407512664794
9.878443145751953
9.872039890289306
9.876023769378662
9.87040672302246
9.871686363220215
9.87605791091919
9.876891613006592
9.876395797729492
9.877288913726806
9.880038452148437
9.88019256591797
9.882896995544433
9.877688121795654
9.882168102264405
9.881666946411134
9.88458776473999
9.88337812423706
9.884628772735596
9.886834526062012
9.885247898101806
9.889848327636718
9.886314392089844
9.890271759033203
9.884284687042236
9.89033842086792
9.890630912780761
9.893560791015625
9.890786933898926
9.889977359771729
9.890934658050536
9.88980131149292
9.890771007537841
9.894960021972656
9.89320993423462
9.90080451965332
9.898036766052247
9.897121334075928
9.900967884063721
9.896636962890625
9.899684619903564
9.899669170379639
9.900005340576172
9.899881076812743
9.902494525909423
9.903326034545898
9.89886531829834
9.904733276367187
9.900827789306641
9.90563087463379
9.905966854095459
9.909963226318359
