-57.36814422607422
-56.7339412689209
-56.087463760375975
-55.52566413879394
-54.91326675415039
-54.31193656921387
-53.7149543762207
-53.08395004272461
-52.55825347900391
-52.007476806640625
-51.47656173706055
-50.92725868225098
-50.410641479492185
-49.89283714294434
-49.37409210205078
-48.879495239257814
-48.401908493041994
-47.94199180603027
-47.47824287414551
-47.048575210571286
-46.61251640319824
-46.20271377563476
-45.81614456176758
-45.45430641174316
-45.08313827514648
-44.76194877624512
-44.39391441345215
-44.08143501281738
-43.80125465393066
-43.534706115722656
-43.26483039855957
-42.98098487854004
-42.76788139343262
-42.54174575805664
-42.32997779846191
-42.15381965637207
-41.95556373596192
-41.81852493286133
-41.65501365661621
-41.4979606628418
-41.334798431396486
-41.21839447021485
-41.11514015197754
-41.01998405456543
-40.89557647705078
-40.80092277526855
-40.72196006774902
-40.636606216430664
-40.56158256530762
-40.49781341552735
-40.420972442626955
-40.35212097167969
-40.311449432373045
-40.24669647216797
-40.1949348449707
-40.150835037231445
-40.11562881469727
-40.07249908447265
-40.02386360168457
-39.96987762451172
-39.94357109069824
-39.90360450744629
-39.86949081420899
-39.82318534851074
-39.819597244262695
-39.78114204406738
-39.73394546508789
-39.70408668518066
-39.67673950195312
-39.647861862182616
-39.608950805664065
-39.57011528015137
-39.57439193725586
-39.53030128479004
-39.522731399536134
-39.48084945678711
-39.471112442016604
-39.44503402709961
-39.44110374450683
-39.407086563110354
-39.38583641052246
-39.361503982543944
-39.34819297790527
-39.31858406066895
-39.299261474609374
-39.27557144165039
-39.24369812011719
-39.23758888244629
-39.2215274810791
-39.20291404724121
-39.17657470703125
-39.15427169799805
-39.13460006713867
-39.11599998474121
-39.11537742614746
-39.090158462524414
-39.05558815002441
-39.060594940185545
-39.023464584350585
-39.02352333068848
-39.015332794189455
-38.98044700622559
-38.9880786895752
-38.96754417419434
-38.95609092712402
-38.928673934936526
-38.924248123168944
-38.92849349975586
-38.91188507080078
-38.87078094482422
-38.860647201538086
-38.862527465820314
-38.84216499328613
-38.84301643371582
-38.8413387298584
-38.81478309631348
-38.81506690979004
-38.803582763671876
-38.788038635253905
-38.76256790161133
-38.76824760437012
-38.75987510681152
-38.76062278747558
-38.72876472473145
-38.73657646179199
-38.731401443481445
-38.722829055786136
-38.706328582763675
-38.67671356201172
-38.67148857116699
-38.68030052185058
-38.6863510131836
-38.68240623474121
-38.689292907714844
-38.66466789245605
-38.66438331604004
-38.64046058654785
-38.627037811279294
-38.610002517700195
-38.618651962280275
-38.605503463745116
-38.606102752685544
-38.60031967163086
-38.59253082275391
-38.57984619140625
-38.586045837402345
-38.54595832824707
-38.573695755004884
-38.55672416687012
-38.54218215942383
-38.554024887084964
-38.536241149902345
-38.52122535705566
-38.526309204101565
-38.52299537658691
-38.52377853393555
-38.52437210083008
-38.492620849609374
-38.50765609741211
-38.50970344543457
-38.50125389099121
-38.506547927856445
-38.510551071166994
-38.49255599975586
-38.507645797729495
-38.47947120666504
-38.45721664428711
-38.464987182617186
-38.478974151611325
-38.472252655029294
-38.443219375610354
-38.44605712890625
-38.43760261535645
-38.42956657409668
-38.42663764953613
-38.43443069458008
-38.4086353302002
-38.425568389892575
-38.42411308288574
-38.452681350708005
-38.41110076904297
-38.4034236907959
-38.40087661743164
-38.40113983154297
-38.3987548828125
-38.395167922973634
-38.40802841186523
-38.39492568969727
-38.387014389038086
-38.38895378112793
-38.39273681640625
-38.368767166137694
-38.362376022338864
-38.366952896118164
-38.37304954528808
-38.353532791137695
-38.34806327819824
-38.35319557189941
-38.353983306884764
-38.3324577331543
-38.33794479370117
-38.32537956237793
-38.33605117797852
-38.31466979980469
-38.340934371948244
-38.31662178039551
-38.306898498535155
-38.303188705444335
-38.30385246276855
-38.307814025878905
-38.29228477478027
-38.28414802551269
-38.28388290405273
-38.27595558166504
-38.25997200012207
-38.268624496459964
-38.26199111938477
-38.24858283996582
-38.26942367553711
-38.24024658203125
-38.23764305114746
-38.246355056762695
-38.216762161254884
-38.23175621032715
-38.25185623168945
-38.220699310302734
-38.214256286621094
-38.214654541015626
-38.21378631591797
-38.20781707763672
-38.201687240600585
-38.19298324584961
-38.17995414733887
-38.175130462646486
-38.17675094604492
-38.16211357116699
-38.17861328125
-38.15347862243652
-38.14271850585938
-38.15054512023926
-38.127934265136716
-38.11372032165527
-38.132001113891604
-38.11171417236328
-38.110224914550784
-38.09777412414551
-38.09649124145508
-38.08969841003418
-38.08666877746582
-38.070204162597655
-38.07804565429687
-38.064086532592775
-38.06757926940918
-38.04528579711914
-38.05325469970703
-38.03097839355469
-38.036289596557616
-38.031908416748045
-38.02721328735352
-38.025477981567384
-38.03021125793457
-38.01108818054199
-37.9840747833252
-37.99960212707519
-37.98472213745117
-37.990380096435544
-37.96722640991211
-37.95724868774414
-37.952233123779294
-37.934604263305665
-37.9262508392334
-37.94116973876953
-37.9177978515625
-37.908810424804685
-37.911172485351564
-37.87453117370605
-37.88473052978516
-37.875880813598634
-37.87029495239258
-37.86170692443848
-37.86667671203613
-37.84317398071289
-37.838461303710936
-37.84181861877441
-37.802001953125
-37.80997734069824
-37.806916046142575
-37.78958930969238
-37.77962112426758
-37.77755928039551
-37.75113716125488
-37.751037979125975
-37.74894065856934
-37.72905387878418
-37.72118034362793
-37.69583015441894
-37.71215133666992
-37.695007705688475
-37.6838794708252
-37.668526077270506
-37.65286026000977
-37.64160041809082
-37.622389221191405
-37.613407135009766
-37.599172592163086
-37.59765968322754
-37.587476348876955
-37.56026153564453
-37.54600028991699
-37.532894134521484
-37.5198558807373
-37.51117515563965
-37.507856369018555
-37.485904693603516
-37.480186462402344
-37.47757225036621
-37.44208869934082
-37.421928024291994
-37.42261238098145
-37.400504684448244
-37.38986473083496
-37.37238883972168
-37.358331298828126
-37.33223304748535
-37.30590591430664
-37.31037864685059
-37.291246795654295
-37.28048324584961
-37.247989654541016
-37.23764762878418
-37.21194725036621
-37.204367065429686
-37.176470565795896
-37.171883010864256
-37.15632591247559
-37.139464950561525
-37.107191467285155
-37.08662719726563
-37.06998481750488
-37.05793914794922
-37.03563117980957
-37.02780113220215
-37.00604438781738
-36.983842086791995
-36.964971923828124
-36.94562873840332
-36.938777923583984
-36.92062835693359
-36.898386001586914
-36.85794448852539
-36.844180297851565
-36.812741088867185
-36.79893760681152
-36.777760696411136
-36.7663761138916
-36.73607406616211
-36.7189380645752
-36.69726066589355
-36.68238143920898
-36.647356796264646
-36.63537940979004
-36.61142539978027
-36.59250144958496
-36.57326049804688
-36.54637832641602
-36.52663688659668
-36.49527091979981
-36.491848373413085
-36.45253448486328
-36.428887939453126
-36.419626235961914
-36.38393325805664
-36.368865203857425
-36.34201278686523
-36.313500595092776
-36.2981143951416
-36.27804069519043
-36.243960571289065
-36.2283634185791
-36.202832794189455
-36.17922515869141
-36.149430465698245
-36.12192306518555
-36.10361595153809
-36.08033409118652
-36.06719284057617
-36.03850784301758
-36.01272087097168
-35.99904098510742
-35.972574615478514
-35.94520149230957
-35.921424865722656
-35.90610580444336
-35.881215286254886
-35.85861740112305
-35.832421493530276
-35.81600151062012
-35.79576034545899
-35.77694473266602
-35.7510482788086
-35.72606735229492
-35.70811996459961
-35.69486083984375
-35.675177001953124
-35.647301483154294
-35.63033676147461
-35.60738525390625
-35.596038818359375
-35.56441955566406
-35.55557823181152
-35.53214225769043
-35.520394515991214
-35.502679443359376
-35.49011993408203
-35.47278671264648
-35.45380821228027
-35.43771934509277
-35.420270919799805
-35.40404624938965
-35.38632469177246
-35.376565551757814
-35.358069229125974
-35.34121551513672
-35.33666477203369
-35.31506538391113
-35.30370864868164
-35.28458213806152
-35.27730293273926
-35.26367835998535
-35.249504470825194
-35.23938980102539
-35.22278518676758
-35.21021957397461
-35.20676689147949
-35.1869312286377
-35.182640075683594
-35.17252960205078
-35.162934112548825
-35.14755096435547
-35.143564224243164
-35.12576179504394
-35.11992568969727
-35.10808753967285
-35.104937362670896
-35.091470336914064
-35.07975044250488
-35.074349594116214
-35.0675464630127
-35.061631774902345
-35.049106979370116
-35.044864654541016
-35.03718032836914
-35.02864303588867
-35.022757339477536
-35.01691246032715
-35.00546417236328
-35.0054214477539
-34.997571563720705
-34.99009323120117
-34.985669708251955
-34.97755432128906
-34.97231674194336
-34.960737991333005
-34.95896263122559
-34.94905815124512
-34.948584365844724
-34.945288848876956
-34.9414737701416
-34.93641624450684
-34.926639556884766
-34.924483108520505
-34.91968688964844
-34.913124084472656
-34.9132698059082
-34.905940246582034
-34.901742935180664
-34.899723815917966
-34.89603614807129
-34.89036865234375
-34.88568801879883
-34.88223495483398
-34.87900161743164
-34.877567291259766
-34.86801338195801
-34.86607894897461
-34.86704597473145
-34.86246452331543
-34.8578540802002
-34.851871490478516
-34.84953231811524
-34.843614959716795
-34.84285354614258
-34.8396915435791
-34.83828773498535
-34.836762237548825
-34.830725479125974
-34.826607131958006
-34.82386512756348
-34.824026107788086
-34.82142105102539
-34.82053337097168
-34.816772842407225
-34.815118408203126
-34.81525192260742
-34.80859527587891
-34.80750923156738
-34.805016326904294
-34.80204544067383
-34.8022274017334
-34.79842338562012
-34.79547271728516
-34.79543266296387
-34.79007797241211
-34.791053771972656
-34.78707008361816
-34.791262817382815
-34.785617446899415
-34.78261108398438
-34.781606674194336
-34.782466125488284
-34.78012237548828
-34.77738876342774
-34.77420654296875
-34.77117691040039
-34.773484802246095
-34.76975212097168
-34.768822479248044
-34.7655216217041
-34.765821838378905
-34.76483154296875
-34.76370353698731
-34.76271362304688
-34.760932540893556
-34.7587329864502
-34.75745315551758
-34.75463981628418
-34.755038833618165
-34.75196800231934
-34.750370788574216
-34.74932022094727
-34.74922676086426
-34.74626350402832
-34.74505805969238
-34.74654541015625
-34.74402618408203
-34.744110870361325
-34.74081192016602
-34.74159698486328
-34.73615837097168
-34.74061965942383
-34.737190628051756
-34.737853622436525
-34.735608673095705
-34.73579788208008
-34.73589897155762
-34.73111419677734
-34.73232574462891
-34.7323356628418
-34.72943534851074
-34.72816543579101
-34.72768211364746
-34.728477478027344
-34.7274112701416
-34.72600402832031
-34.72447166442871
-34.72407455444336
-34.72315788269043
-34.722300338745114
-34.72519950866699
-34.72236671447754
-34.71972808837891
-34.71996955871582
-34.72063789367676
-34.71709785461426
-34.715008926391604
-34.71683540344238
-34.715396118164065
-34.715093994140624
-34.71317672729492
-34.71378936767578
-34.71249885559082
-34.71215896606445
-34.70996284484863
-34.7092529296875
-34.709011459350585
-34.70940246582031
-34.71034698486328
-34.70750846862793
-34.70762748718262
-34.7059986114502
-34.707586669921874
-34.705519104003905
-34.70494270324707
-34.70547981262207
-34.703203964233396
-34.70459270477295
-34.70391159057617
-34.701426315307614
-34.70013618469238
-34.70146369934082
-34.700052642822264
-34.700255966186525
-34.7002685546875
-34.69873161315918
-34.698333740234375
-34.69746208190918
-34.698242568969725
-34.69915580749512
-34.69713439941406
-34.69611930847168
-34.6952091217041
-34.69803886413574
-34.69656105041504
-34.69344253540039
-34.693608093261716
-34.69484634399414
-34.69112892150879
-34.69227981567383
-34.6931655883789
-34.69247817993164
-34.69124336242676
-34.69186248779297
-34.690419387817386
-34.68970489501953
-34.688623046875
-34.68844871520996
-34.69011535644531
-34.68814392089844
-34.68941535949707
-34.68730201721191
-34.6865966796875
-34.68647727966309
-34.686898422241214
-34.68572845458984
-34.685404205322264
-34.68594169616699
-34.686048889160155
-34.68532295227051
-34.68445510864258
-34.685302734375
-34.6840877532959
-34.6823673248291
-34.68412857055664
-34.6829174041748
-34.68299827575684
-34.68247604370117
-34.68241386413574
-34.68325843811035
-34.68155288696289
-34.68281440734863
-34.68071365356445
-34.68237380981445
-34.678575134277345
-34.67943916320801
-34.678321838378906
-34.68125267028809
-34.67961311340332
-34.67992401123047
-34.67874336242676
-34.67831039428711
-34.67807579040527
-34.678044128417966
-34.67663497924805
-34.67776985168457
-34.67653923034668
-34.67669105529785
-34.67632942199707
-34.67754440307617
-34.676683044433595
-34.67563056945801
-34.67636337280273
-34.675375366210936
-34.67486152648926
-34.67506790161133
-34.675436401367186
-34.67488403320313
-34.67399940490723
-34.672838592529295
-34.67403602600098
-34.67525520324707
-34.673562622070314
-34.67358055114746
-34.67218856811523
-34.672431564331056
-34.67165603637695
-34.672794342041016
-34.67252769470215
-34.672502517700195
-34.67172203063965
-34.672198104858396
-34.671975708007814
-34.672028350830075
-34.67075614929199
-34.671014404296876
-34.67017097473145
-34.67074966430664
-34.669504928588864
-34.67025032043457
-34.66926879882813
-34.66890602111816
-34.66992378234863
-34.668936538696286
-34.66839447021484
-34.667962646484376
-34.66842880249023
-34.666859817504886
-34.66845855712891
-34.66741600036621
-34.666700744628905
-34.66767196655273
-34.666699981689455
-34.66848793029785
-34.66740684509277
-34.66682510375976
-34.66832389831543
-34.66682510375976
-34.6660816192627
-34.66626625061035
-34.6660961151123
-34.66596717834473
-34.666664123535156
-34.66661911010742
-34.66682243347168
-34.66575393676758
-34.666025161743164
-34.66509094238281
-34.664781951904295
-34.66537628173828
-34.66488380432129
-34.66494483947754
-34.664139938354495
-34.66393775939942
-34.66458740234375
-34.66369972229004
-34.66359024047851
-34.66435203552246
-34.6633804321289
-34.66363296508789
-34.66331481933594
-34.662252044677736
-34.66276626586914
-34.663734436035156
-34.66283340454102
-34.66298484802246
-34.66286010742188
-34.66247406005859
-34.66277732849121
-34.66250915527344
-34.66151390075684
-34.66123924255371
-34.66140251159668
-34.6624252319336
-34.66167793273926
-34.662329864501956
-34.66235847473145
-34.66150436401367
-34.662021255493165
-34.66221656799316
-34.66133117675781
-34.66036834716797
-34.66098175048828
-34.661006164550784
-34.66147918701172
-34.66060676574707
-34.65947227478027
-34.660331344604494
-34.6600887298584
-34.66039123535156
-34.65967636108398
-34.65931510925293
-34.66081237792969
-34.660153198242185
-34.6587646484375
-34.66010437011719
-34.659645080566406
-34.65955276489258
-34.659558868408205
-34.65923843383789
-34.658709335327146
-34.659379196166995
-34.658681869506836
-34.65885848999024
-34.658691787719725
-34.65861625671387
-34.65954170227051
-34.65830307006836
-34.657720947265624
-34.658037185668945
-34.658195114135744
-34.65844078063965
-34.658721160888675
-34.65849494934082
-34.657493591308594
-34.65716552734375
-34.65775833129883
-34.65717887878418
-34.65741882324219
-34.6570629119873
-34.65780029296875
-34.65771598815918
-34.658637619018556
-34.65761756896973
-34.65746955871582
-34.65739212036133
-34.656839752197264
-34.65703239440918
-34.657036209106444
-34.65746917724609
-34.65616073608398
-34.656711959838866
-34.65723724365235
-34.65571899414063
-34.656406784057616
-34.6562614440918
-34.656093978881835
-34.65620727539063
-34.656043243408206
-34.656517791748044
-34.65510177612305
-34.65709457397461
-34.65566062927246
-34.65564384460449
-34.65558624267578
-34.65530090332031
-34.65545806884766
-34.65587615966797
-34.65531425476074
-34.65537719726562
-34.65485954284668
-34.65544471740723
-34.6555118560791
-34.65439682006836
-34.65498847961426
-34.654357528686525
-34.65512809753418
-34.65559425354004
-34.65436687469482
-34.65471496582031
-34.65468482971191
-34.65547428131104
-34.65494155883789
-34.65450744628906
-34.65388793945313
-34.65424423217773
-34.654833221435545
-34.654669189453124
-34.654575729370116
-34.654183578491214
-34.65384292602539
-34.653873443603516
-34.654201889038085
-34.65358467102051
-34.65416145324707
-34.653961181640625
-34.6534927368164
-34.653927421569826
-34.65370979309082
-34.65404434204102
-34.65315895080566
-34.653154373168945
-34.65350894927978
-34.65341415405273
-34.65382537841797
-34.65350151062012
-34.653248977661136
-34.65387496948242
-34.652774810791016
-34.65287742614746
-34.65260734558105
-34.65326271057129
-34.652960205078124
-34.6526538848877
-34.653269577026364
-34.6532470703125
-34.65299263000488
-34.65257797241211
-34.65196685791015
-34.65252685546875
-34.65280532836914
-34.65271530151367
-34.65252914428711
-34.652031326293944
-34.652316665649415
-34.65159912109375
-34.65158958435059
-34.65211448669434
-34.652122497558594
-34.65207405090332
-34.652578353881836
-34.652107620239256
-34.65244598388672
-34.65162582397461
-34.65263404846191
-34.65283966064453
-34.652431106567384
-34.65225715637207
-34.65172080993652
-34.65185279846192
-34.65211296081543
-34.651086044311526
-34.6518196105957
-34.65180587768555
-34.65151138305664
-34.651570892333986
-34.651160430908206
-34.65176658630371
-34.6516731262207
-34.65099029541015
-34.65090560913086
-34.651603317260744
-34.650458908081056
-34.651593399047854
-34.65065650939941
-34.651222229003906
-34.65191993713379
-34.65056114196777
-34.65121612548828
-34.650241470336915
-34.65064163208008
-34.6510124206543
-34.65093994140625
-34.650508880615234
-34.650765609741214
-34.65101165771485
-34.65142288208008
-34.65045166015625
-34.6509506225586
-34.650322341918944
-34.650696182250975
-34.65079612731934
-34.650397872924806
-34.6512035369873
-34.65133972167969
-34.65062484741211
-34.65054359436035
-34.65092544555664
-34.650750732421876
-34.650464630126955
-34.65037612915039
-34.65109786987305
-34.65049514770508
-34.65052719116211
-34.650325012207034
-34.65073699951172
-34.65013809204102
-34.6503719329834
-34.649946975708005
-34.6507926940918
-34.6503360748291
-34.649954605102536
-34.65055160522461
-34.65016059875488
-34.65025444030762
-34.65023078918457
-34.649942016601564
-34.64993438720703
-34.65017509460449
-34.64963073730469
-34.650299644470216
-34.65002861022949
-34.64986915588379
-34.65004348754883
-34.649879455566406
-34.649692916870116
-34.64993515014648
-34.64948616027832
-34.64950256347656
-34.6496467590332
-34.649819946289064
-34.650250625610354
-34.65009689331055
-34.64951019287109
-34.6498405456543
-34.6495777130127
-34.650062561035156
-34.64940223693848
-34.649420166015624
-34.649386978149415
-34.64880905151367
-34.649321746826175
-34.649853515625
-34.64935302734375
-34.650033187866214
-34.649714660644534
-34.64924507141113
-34.6495906829834
-34.64970932006836
-34.649361801147464
-34.64946403503418
-34.649580001831055
-34.64905891418457
-34.64913825988769
-34.64928436279297
-34.64937400817871
-34.64921646118164
-34.64958953857422
-34.64867401123047
-34.649095916748045
-34.64856948852539
-34.64853019714356
