-40.190269470214844
-39.85903663635254
-39.41886825561524
-39.14811248779297
-38.885076904296874
-38.459477233886716
-38.16224708557129
-37.9846752166748
-37.78303985595703
-37.40132865905762
-37.346160125732425
-37.1555721282959
-36.77406005859375
-36.5883975982666
-36.274824142456055
-36.236054229736325
-35.93355522155762
-35.80649070739746
-35.46511459350586
-35.30160980224609
-35.2989200592041
-35.02571754455566
-35.0446662902832
-34.781015396118164
-34.6873046875
-34.50459442138672
-34.44563617706299
-34.268899536132814
-34.20598258972168
-34.175062561035155
-34.139434051513675
-33.969166946411136
-33.92504386901855
-33.76449966430664
-33.833006858825684
-33.82267417907715
-33.64378204345703
-33.69002838134766
-33.58450584411621
-33.63741798400879
-33.528752136230466
-33.51605167388916
-33.56699409484863
-33.481851959228514
-33.46460075378418
-33.3921236038208
-33.40899524688721
-33.420023345947264
-33.41023254394531
-33.45582885742188
-33.37715797424316
-33.358703231811525
-33.45852203369141
-33.36474189758301
-33.361046600341794
-33.33095817565918
-33.38603057861328
-33.3190221786499
-33.38186244964599
-33.30282135009766
-33.261898612976076
-33.38779926300049
-33.26839408874512
-33.29422721862793
-33.31913414001465
-33.300073051452635
-33.31514358520508
-33.319170761108396
-33.27716979980469
-33.34474124908447
-33.36748867034912
-33.31242408752441
-33.32803726196289
-33.333512687683104
-33.28368225097656
-33.27108573913574
-33.27473754882813
-33.346317291259766
-33.32612648010254
-33.25076103210449
-33.35855712890625
-33.292595863342285
-33.23252182006836
-33.249199867248535
-33.32937660217285
-33.23911972045899
-33.363766479492185
-33.33309822082519
-33.265999221801756
-33.22914047241211
-33.29091739654541
-33.23147449493408
-33.26052322387695
-33.3072790145874
-33.27176361083984
-33.34666805267334
-33.19733562469482
-33.300913619995114
-33.20246849060059
-33.265609169006346
-33.31451854705811
-33.272556686401366
-33.24433307647705
-33.36863250732422
-33.256894493103026
-33.21532516479492
-33.24621772766113
-33.35643043518066
-33.37344551086426
-33.305728149414065
-33.35592422485352
-33.264516258239745
-33.310316276550296
-33.28269577026367
-33.27164859771729
-33.28119373321533
-33.35706672668457
-33.263498306274414
-33.32038917541504
-33.235115432739256
-33.24428367614746
-33.33015727996826
-33.343675231933595
-33.31993293762207
-33.27853908538818
-33.24896774291992
-33.33262596130371
-33.35053062438965
-33.29237442016601
-33.22344551086426
-33.23653030395508
-33.237107849121095
-33.340728187561034
-33.322693824768066
-33.2873836517334
-33.322383117675784
-33.30016441345215
-33.227914047241214
-33.190259552001955
-33.32780380249024
-33.31872386932373
-33.322745132446286
-33.28343200683594
-33.35337257385254
-33.28374195098877
-33.31823463439942
-33.276431274414065
-33.29176292419434
-33.33515186309815
-33.21444511413574
-33.29632740020752
-33.24018497467041
-33.27596244812012
-33.27402324676514
-33.31474075317383
-33.311736488342284
-33.33100204467773
-33.2303825378418
-33.33484935760498
-33.24099197387695
-33.283183097839355
-33.30425338745117
-33.343316650390626
-33.29456901550293
-33.302551651000975
-33.252706146240236
-33.30373611450195
-33.21163692474365
-33.33409423828125
-33.35111694335937
-33.30313568115234
-33.385603713989255
-33.218572807312015
-33.26740665435791
-33.30985164642334
-33.24322376251221
-33.35147933959961
-33.36645927429199
-33.35038948059082
-33.381726837158205
-33.32172183990478
-33.32260856628418
-33.2261157989502
-33.316318130493165
-33.310042190551755
-33.317226028442384
-33.33352088928223
-33.348123931884764
-33.30963706970215
-33.239693832397464
-33.29576663970947
-33.3613224029541
-33.251798439025876
-33.3194076538086
-33.240539360046384
-33.24055690765381
-33.20933837890625
-33.35056991577149
-33.271690940856935
-33.332352828979495
-33.269523239135744
-33.2313928604126
-33.320991134643556
-33.294985389709474
-33.31155624389648
-33.2813627243042
-33.32742004394531
-33.34915199279785
-33.28628654479981
-33.37465877532959
-33.28775959014892
-33.24595069885254
-33.284131622314455
-33.27441806793213
-33.22874069213867
-33.24019813537598
-33.349080657958986
-33.29374389648437
-33.28873233795166
-33.23707675933838
-33.214922714233396
-33.289753150939944
-33.302703094482425
-33.21660976409912
-33.26136703491211
-33.32297229766846
-33.29167213439941
-33.30964126586914
-33.33488140106201
-33.21158981323242
-33.309029769897464
-33.409647178649905
-33.28625602722168
-33.265329360961914
-33.256131172180176
-33.267250061035156
-33.34897079467773
-33.321252059936526
-33.35879020690918
-33.2807559967041
-33.27682647705078
-33.25404930114746
-33.30282745361328
-33.1990966796875
-33.29392623901367
-33.19076385498047
-33.290155029296876
-33.28174381256103
-33.24697647094727
-33.34880332946777
-33.340349960327146
-33.32859382629395
-33.28049564361572
-33.21277370452881
-33.30436325073242
-33.218499946594235
-33.278228759765625
-33.269253158569335
-33.22511215209961
-33.31601104736328
-33.299621391296384
-33.29510307312012
-33.233450698852536
-33.213434028625485
-33.26914768218994
-33.277587699890134
-33.217118453979495
-33.274467086791994
-33.25477561950684
-33.29767684936523
-33.23176860809326
-33.354746627807614
-33.29712047576904
-33.30035762786865
-33.24947338104248
-33.255772018432616
-33.22205123901367
-33.25053329467774
-33.32356281280518
-33.2474946975708
-33.176803779602054
-33.25701751708984
-33.25918693542481
-33.2785041809082
-33.295110893249515
-33.31244239807129
-33.29926300048828
-33.3343505859375
-33.23856468200684
-33.279188537597655
-33.31446723937988
-33.277779006958006
-33.324889755249025
-33.271841049194336
-33.29130172729492
-33.260605812072754
-33.32670783996582
-33.28448009490967
-33.35789451599121
-33.2743953704834
-33.22354621887207
-33.312797164916994
-33.209564971923825
-33.20327167510986
-33.26687088012695
-33.30389919281006
-33.360815811157224
-33.26363563537598
-33.2535587310791
-33.2368968963623
-33.246700286865234
-33.237419509887694
-33.32229595184326
-33.264653015136716
-33.30081367492676
-33.33421173095703
-33.32080936431885
-33.33337936401367
-33.3073808670044
-33.33692741394043
-33.2571325302124
-33.32521514892578
-33.30431709289551
-33.30965156555176
-33.19357967376709
-33.301616477966306
-33.31029510498047
-33.26190872192383
-33.28565521240235
-33.33286056518555
-33.296634674072266
-33.293324661254886
-33.28981323242188
-33.331570625305176
-33.3452808380127
-33.2584789276123
-33.34126930236816
-33.326850509643556
-33.35694808959961
-33.25743560791015
-33.313893508911136
-33.29224605560303
-33.366942977905275
-33.299859046936035
-33.30670166015625
-33.36509952545166
-33.32488574981689
-33.36201515197754
-33.33360824584961
-33.33535022735596
-33.344872283935544
-33.395388984680174
-33.404137229919435
-33.4441276550293
-33.34454002380371
-33.36646499633789
-33.40809669494629
-33.45297832489014
-33.411064529418944
-33.41879386901856
-33.393798446655275
-33.427673530578616
-33.35571556091308
-33.4264274597168
-33.43340625762939
-33.41640396118164
-33.45515308380127
-33.39894390106201
-33.38881607055664
-33.451473999023435
-33.48991680145264
-33.46063652038574
-33.46761150360108
-33.47439689636231
-33.46500778198242
-33.49780807495117
-33.55533447265625
-33.521146583557126
-33.514207458496095
-33.54111824035645
-33.54418506622314
-33.53267364501953
-33.539218521118165
-33.570674896240234
-33.60025520324707
-33.60944366455078
-33.57131004333496
-33.60365371704101
-33.58217582702637
-33.627570724487306
-33.63885345458984
-33.56907978057861
-33.61198768615723
-33.6801197052002
-33.69158363342285
-33.705789947509764
-33.70524253845215
-33.68661880493164
-33.73059368133545
-33.74789237976074
-33.736209869384766
-33.75084400177002
-33.75703926086426
-33.786291885375974
-33.792048645019534
-33.7937629699707
-33.81313209533691
-33.820833396911624
-33.83966579437256
-33.83158988952637
-33.82013626098633
-33.869329643249515
-33.89796752929688
-33.89510841369629
-33.904205894470216
-33.90967445373535
-33.941352462768556
-33.927449989318845
-33.9606071472168
-33.97582588195801
-33.96828498840332
-33.97029609680176
-33.999880981445315
-34.023025321960446
-34.02466163635254
-34.02993392944336
-34.039602279663086
-34.02888526916504
-34.06576652526856
-34.040193748474124
-34.091902542114255
-34.07307510375976
-34.09027366638183
-34.11874237060547
-34.099961853027345
-34.1470832824707
-34.147694778442386
-34.15417594909668
-34.14384536743164
-34.16989364624023
-34.159078216552736
-34.18666572570801
-34.16445083618164
-34.21056785583496
-34.19909133911133
-34.20572776794434
-34.215871810913086
-34.21331443786621
-34.24209499359131
-34.23683624267578
-34.264250946044925
-34.242177963256836
-34.25832862854004
-34.26541442871094
-34.2957046508789
-34.26908645629883
-34.27919044494629
-34.295685577392575
-34.30459823608398
-34.30916900634766
-34.31440544128418
-34.316318893432616
-34.308938598632814
-34.32813186645508
-34.32737312316895
-34.33296241760254
-34.33797264099121
-34.35165290832519
-34.34593887329102
-34.36582565307617
-34.37086410522461
-34.35772972106933
-34.364722061157224
-34.380195236206056
-34.3751335144043
-34.38047981262207
-34.3899959564209
-34.39028129577637
-34.39754867553711
-34.39456748962402
-34.39922943115234
-34.41206665039063
-34.416443252563475
-34.407799530029294
-34.42474555969238
-34.426652908325195
-34.432390213012695
-34.42973327636719
-34.43421173095703
-34.432011413574216
-34.43543014526367
-34.4442253112793
-34.44735107421875
-34.44508781433105
-34.446174240112306
-34.447724151611325
-34.45510368347168
-34.45145721435547
-34.459268188476564
-34.461280822753906
-34.465331649780275
-34.470798110961915
-34.47534675598145
-34.4766788482666
-34.47324829101562
-34.47756080627441
-34.48198051452637
-34.47861213684082
-34.48710556030274
-34.48789558410645
-34.4890640258789
-34.49078025817871
-34.483541870117186
-34.49242038726807
-34.49398651123047
-34.501532554626465
-34.50365943908692
-34.50106925964356
-34.50432510375977
-34.50850982666016
-34.50810546875
-34.514547729492186
-34.51269950866699
-34.51367416381836
-34.51872596740723
-34.517132949829104
-34.51510124206543
-34.51792869567871
-34.526815795898436
-34.520682907104494
-34.526432037353516
-34.52768402099609
-34.52583961486816
-34.53010940551758
-34.53232307434082
-34.52817802429199
-34.53514060974121
-34.535308837890625
-34.53649482727051
-34.53819885253906
-34.54017639160156
-34.537879180908206
-34.537370681762695
-34.544987487792966
-34.54388618469238
-34.54325141906738
-34.54378662109375
-34.54487953186035
-34.54233627319336
-34.55238304138184
-34.54964942932129
-34.55006065368652
-34.5518180847168
-34.55580825805664
-34.55838737487793
-34.553144454956055
-34.55777854919434
-34.55838451385498
-34.55635986328125
-34.5585220336914
-34.56247825622559
-34.5636661529541
-34.56270217895508
-34.5650074005127
-34.56349411010742
-34.56713790893555
-34.56511878967285
-34.566098022460935
-34.56994972229004
-34.57136497497559
-34.56681175231934
-34.57194137573242
-34.57410926818848
-34.57255516052246
-34.56924476623535
-34.57348747253418
-34.572532653808594
-34.57566680908203
-34.57297897338867
-34.57666091918945
-34.57565040588379
-34.5775821685791
-34.57710914611816
-34.57634315490723
-34.57782669067383
-34.58045959472656
-34.58379592895508
-34.58166389465332
-34.582519149780275
-34.5826301574707
-34.58482627868652
-34.58191680908203
-34.58459548950195
-34.58665008544922
-34.58344612121582
-34.588667678833005
-34.58751525878906
-34.58603706359863
-34.58544235229492
-34.58806190490723
-34.58858528137207
-34.58866195678711
-34.59102821350098
-34.58951873779297
-34.591546630859376
-34.590783309936526
-34.592032241821286
-34.595820617675784
-34.59457092285156
-34.593589782714844
-34.59375762939453
-34.59806518554687
-34.59608955383301
-34.59340400695801
-34.59547348022461
-34.597882461547854
-34.59387626647949
-34.59727249145508
-34.599226760864255
-34.598527145385745
-34.598323059082034
-34.598974990844724
-34.59891242980957
-34.598272705078124
-34.59796142578125
-34.599856567382815
-34.60229721069336
-34.60160865783691
-34.603202438354494
-34.60053939819336
-34.60103912353516
-34.602041244506836
-34.60403594970703
-34.60223617553711
-34.60300827026367
-34.604491806030275
-34.60548133850098
-34.60510063171387
-34.606039428710936
-34.60567169189453
-34.606341171264646
-34.60605049133301
-34.60828399658203
-34.607051849365234
-34.607984924316405
-34.60775604248047
-34.609070014953616
-34.609214782714844
-34.60850372314453
-34.61071662902832
-34.60874481201172
-34.61103515625
-34.608082962036136
-34.60968360900879
-34.60925483703613
-34.61291847229004
-34.61097030639648
-34.61237411499023
-34.61170349121094
-34.61104278564453
-34.611642074584964
-34.61303024291992
-34.611331176757815
-34.61358375549317
-34.613121795654294
-34.61365242004395
-34.613237380981445
-34.61630744934082
-34.615739822387695
-34.6142520904541
-34.61602668762207
-34.61603126525879
-34.6148265838623
-34.61600875854492
-34.61667709350586
-34.61596450805664
-34.61630363464356
-34.61542282104492
-34.617410278320314
-34.61859321594238
-34.61743392944336
-34.617556762695315
-34.61586723327637
-34.61714134216309
-34.61641273498535
-34.61907196044922
-34.618909454345705
-34.61944160461426
-34.618577575683595
-34.62040634155274
-34.62058982849121
-34.621056747436526
-34.61972427368164
-34.62064476013184
-34.619437789916994
-34.620700454711915
-34.62017478942871
-34.62095985412598
-34.62042427062988
-34.620744705200195
-34.62197608947754
-34.620775604248045
-34.620431900024414
-34.620857620239256
-34.622265625
-34.62045097351074
-34.622782135009764
-34.62202377319336
-34.62165069580078
-34.623338317871095
-34.62205085754395
-34.62489814758301
-34.623578262329104
-34.623308181762695
-34.625356674194336
-34.62384300231933
-34.623742294311526
-34.624291229248044
-34.62436408996582
-34.62481422424317
-34.62545967102051
-34.62563247680664
-34.6261905670166
-34.62567481994629
-34.62581367492676
-34.624991989135744
-34.625214385986325
-34.62573394775391
-34.62555465698242
-34.626277923583984
-34.6256965637207
-34.62571983337402
-34.62696380615235
-34.626050567626955
-34.62640647888183
-34.62706680297852
-34.62659683227539
-34.6271671295166
-34.627296447753906
-34.62641716003418
-34.62685050964355
-34.628336334228514
-34.62772064208984
-34.628239440917966
-34.62852554321289
-34.62789306640625
-34.62838592529297
-34.62856864929199
-34.627838897705075
-34.62766876220703
-34.62791709899902
-34.62927017211914
-34.62876853942871
-34.62983589172363
-34.629936599731444
-34.62944869995117
-34.630567169189455
-34.63049125671387
-34.62992630004883
-34.62924728393555
-34.63007850646973
-34.63019218444824
-34.631246185302736
-34.63047866821289
-34.62921981811523
-34.629967498779294
-34.63026580810547
-34.63065185546875
-34.63042678833008
-34.630418395996095
-34.63189125061035
-34.63120651245117
-34.63011932373047
-34.631713485717775
-34.631340408325194
-34.631574630737305
-34.63158264160156
-34.63144721984863
-34.631211853027345
-34.63225326538086
-34.631394958496095
-34.63178901672363
-34.63181324005127
-34.63227806091309
-34.63329811096192
-34.632032012939455
-34.631601333618164
-34.63225135803223
-34.63277893066406
-34.63323707580567
-34.63353843688965
-34.63346176147461
-34.63262367248535
-34.632633209228516
-34.63318290710449
-34.63271217346191
-34.63322830200195
-34.63274803161621
-34.63390884399414
-34.63413352966309
-34.63506736755371
-34.63418960571289
-34.63435745239258
-34.633744430541995
-34.63381690979004
-34.6339828491211
-34.63428421020508
-34.635075378417966
-34.633622360229495
-34.63457145690918
-34.63504638671875
-34.633786010742185
-34.634722518920896
-34.63481483459473
-34.634469985961914
-34.63473739624023
-34.63494720458984
-34.635676574707034
-34.634076309204104
-34.63656883239746
-34.63490791320801
-34.63508949279785
-34.63503799438477
-34.634959030151364
-34.635153198242186
-34.635992431640624
-34.63538780212402
-34.63558769226074
-34.63532485961914
-34.635925674438475
-34.63632507324219
-34.635198974609374
-34.635922241210935
-34.63524703979492
-34.636138153076175
-34.6369140625
-34.635673713684085
-34.63616409301758
-34.63621292114258
-34.637377166748045
-34.636661529541016
-34.636214065551755
-34.63592376708984
-34.636360549926756
-34.63712921142578
-34.637146377563475
-34.637010192871095
-34.63661994934082
-34.63671875
-34.636692428588866
-34.637142944335935
-34.63631172180176
-34.63743934631348
-34.637451553344725
-34.63668670654297
-34.63746929168701
-34.637080383300784
-34.63761940002441
-34.63686981201172
-34.63688354492187
-34.63746089935303
-34.63767013549805
-34.638037109375
-34.63789405822754
-34.63747024536133
-34.638315200805664
-34.63731307983399
-34.6375015258789
-34.63746528625488
-34.638157272338866
-34.638016891479495
-34.63769683837891
-34.638423919677734
-34.638601303100586
-34.63829460144043
-34.63793754577637
-34.6374755859375
-34.63820114135742
-34.63849639892578
-34.63848762512207
-34.638322067260745
-34.63775863647461
-34.63816528320312
-34.63763313293457
-34.637833786010745
-34.63840255737305
-34.63835258483887
-34.638542556762694
-34.63923110961914
-34.63871269226074
-34.63913803100586
-34.63846549987793
-34.639621353149415
-34.63982887268067
-34.63938598632812
-34.63935661315918
-34.63902893066406
-34.63910751342773
-34.6395679473877
-34.63844795227051
-34.63936309814453
-34.63940696716308
-34.63932914733887
-34.63943214416504
-34.638793563842775
-34.63971214294433
-34.63960342407226
-34.6390739440918
-34.63884391784668
-34.63986778259277
-34.63858146667481
-34.63987655639649
-34.639059448242186
-34.63961524963379
-34.64052886962891
-34.63913154602051
-34.63997459411621
-34.63894157409668
-34.63945007324219
-34.63991088867188
-34.63994216918945
-34.639461517333984
-34.63980484008789
-34.64019355773926
-34.64086761474609
-34.63965759277344
-34.64019432067871
-34.6397705078125
-34.64019966125488
-34.6402530670166
-34.63992538452148
-34.640933227539065
-34.641076278686526
-34.640389633178714
-34.64036750793457
-34.64087448120117
-34.64071502685547
-34.640654754638675
-34.64054794311524
-34.641262435913085
-34.64077033996582
-34.64072761535645
-34.64057998657226
-34.641249084472655
-34.64055976867676
-34.640851974487305
-34.64060020446777
-34.641463088989255
-34.64101066589355
-34.64068336486817
-34.641300964355466
-34.64097595214844
-34.641121292114256
-34.641198348999026
-34.640800094604494
-34.64092864990234
-34.641272735595706
-34.640628051757815
-34.641516876220706
-34.6412956237793
-34.64115447998047
-34.64139671325684
-34.64135818481445
-34.64103012084961
-34.641510772705075
-34.6409912109375
-34.641049194335935
-34.64135665893555
-34.641570281982425
-34.642031860351565
-34.641973876953124
-34.641421508789065
-34.64177474975586
-34.6415512084961
-34.64208908081055
-34.641465759277345
-34.64151573181152
-34.641461563110354
-34.64085159301758
-34.64151878356934
-34.642076110839845
-34.64168586730957
-34.64243125915527
-34.642177963256835
-34.64172515869141
-34.64211807250977
-34.64229469299316
-34.6419261932373
-34.64209518432617
-34.64221458435058
-34.64171142578125
-34.64192085266113
-34.64207782745361
-34.642158889770506
-34.6420238494873
-34.64255218505859
-34.64168815612793
-34.642045974731445
-34.6415340423584
-34.64159240722656
