-59.101495361328126
-58.3690185546875
-57.78621635437012
-56.99495429992676
-56.56532974243164
-55.976668167114255
-55.320796966552734
-54.737084579467776
-54.05773277282715
-53.593650817871094
-53.04892921447754
-52.386667251586914
-51.90499725341797
-51.291930770874025
-50.848022079467775
-50.22423400878906
-49.72050514221191
-49.317497634887694
-48.77966575622558
-48.298475646972655
-47.90457878112793
-47.422943115234375
-46.9830020904541
-46.49968719482422
-46.09203834533692
-45.6286319732666
-45.393025970458986
-45.01985206604004
-44.70012283325195
-44.39544258117676
-44.098889923095705
-43.83001365661621
-43.60584335327148
-43.3582088470459
-43.080937194824216
-42.881300354003905
-42.74153289794922
-42.57239837646485
-42.391197204589844
-42.280175018310544
-42.22110557556152
-42.00615272521973
-41.8357234954834
-41.759389114379886
-41.64611053466797
-41.594893264770505
-41.51701965332031
-41.523416900634764
-41.37737846374512
-41.23875389099121
-41.21556549072265
-41.139594650268556
-41.13000717163086
-41.08942985534668
-41.03151664733887
-40.991166305541995
-40.965782928466794
-40.85992622375488
-40.83731956481934
-40.81364860534668
-40.79847946166992
-40.716622543334964
-40.715768814086914
-40.71973152160645
-40.62470741271973
-40.577901458740236
-40.56104011535645
-40.519944763183595
-40.55297660827637
-40.5293773651123
-40.4603214263916
-40.41069030761719
-40.43943405151367
-40.383902359008786
-40.37087707519531
-40.322383880615234
-40.32685928344726
-40.29580535888672
-40.210221481323245
-40.19071388244629
-40.20604248046875
-40.15302696228027
-40.10562286376953
-40.10944862365723
-40.146895217895505
-40.12823829650879
-40.00687026977539
-40.003404998779295
-39.97441444396973
-39.95725555419922
-39.91766128540039
-39.8872184753418
-39.94698295593262
-39.93460578918457
-39.8507583618164
-39.784071350097655
-39.80269584655762
-39.69340705871582
-39.72427597045898
-39.65546569824219
-39.70986328125
-39.703155517578125
-39.621713638305664
-39.631625747680665
-39.61176452636719
-39.58835334777832
-39.56298141479492
-39.576882934570314
-39.50965347290039
-39.471635055541995
-39.42634506225586
-39.37636756896973
-39.430437088012695
-39.396935272216794
-39.3966552734375
-39.34950714111328
-39.38050155639648
-39.295251083374026
-39.28290939331055
-39.30616683959961
-39.284772109985354
-39.26528396606445
-39.24792327880859
-39.22770881652832
-39.22667465209961
-39.2005313873291
-39.18999481201172
-39.201972579956056
-39.13127822875977
-39.11911239624023
-39.08094520568848
-39.1172435760498
-39.07818031311035
-39.02258224487305
-39.0539794921875
-39.03041534423828
-39.03549041748047
-39.02055320739746
-39.023353576660156
-38.99269027709961
-38.978694915771484
-38.99459228515625
-38.910064697265625
-38.954406356811525
-38.94592475891113
-38.92787208557129
-38.970053100585936
-38.8539852142334
-38.915429306030276
-38.87686386108398
-38.85096702575684
-38.83913993835449
-38.84336776733399
-38.844947052001956
-38.83479461669922
-38.76040191650391
-38.762620544433595
-38.75665512084961
-38.78874206542969
-38.73491516113281
-38.771218872070314
-38.772233963012695
-38.79828643798828
-38.62366065979004
-38.75947532653809
-38.65832710266113
-38.720737838745116
-38.69201889038086
-38.68811721801758
-38.64454345703125
-38.622187805175784
-38.655334091186525
-38.66192054748535
-38.65868988037109
-38.64242362976074
-38.64073600769043
-38.592319107055665
-38.61118507385254
-38.5989315032959
-38.5868782043457
-38.602610397338864
-38.51184425354004
-38.596997833251955
-38.57524948120117
-38.555184555053714
-38.58352699279785
-38.57029571533203
-38.567956161499026
-38.55643081665039
-38.5179084777832
-38.51431655883789
-38.47813682556152
-38.52539901733398
-38.50583267211914
-38.472639083862305
-38.437675857543944
-38.47354240417481
-38.50339775085449
-38.427324295043945
-38.48251075744629
-38.451362991333006
-38.43010940551758
-38.476324462890624
-38.4425853729248
-38.46815147399902
-38.44174423217773
-38.453363037109376
-38.50695457458496
-38.40150108337402
-38.41537094116211
-38.42098808288574
-38.43493537902832
-38.39576301574707
-38.43934020996094
-38.40550994873047
-38.40616302490234
-38.408016204833984
-38.37773132324219
-38.40771331787109
-38.36907768249512
-38.413256072998045
-38.38650703430176
-38.394860458374026
-38.36324844360352
-38.439065551757814
-38.41631317138672
-38.35396270751953
-38.38934860229492
-38.39095764160156
-38.405508041381836
-38.37836036682129
-38.36632614135742
-38.32470512390137
-38.37478790283203
-38.35854034423828
-38.32213287353515
-38.31112098693848
-38.36111335754394
-38.3579605102539
-38.33694000244141
-38.3357234954834
-38.33828163146973
-38.30438346862793
-38.28919372558594
-38.257700729370114
-38.255133056640624
-38.33797988891602
-38.31188888549805
-38.33456268310547
-38.285639953613284
-38.32228889465332
-38.266068649291995
-38.270300674438474
-38.266593551635744
-38.26497383117676
-38.23863410949707
-38.245416259765626
-38.271195602416995
-38.27584800720215
-38.308037185668944
-38.24836692810059
-38.27494316101074
-38.27468338012695
-38.2718391418457
-38.2405704498291
-38.194466781616214
-38.1930606842041
-38.25340347290039
-38.244921875
-38.232198333740236
-38.229027557373044
-38.24134712219238
-38.23976364135742
-38.16656341552734
-38.21676597595215
-38.20787811279297
-38.19963188171387
-38.18607711791992
-38.153023910522464
-38.246049118041995
-38.12819557189941
-38.17131423950195
-38.134009552001956
-38.14627914428711
-38.14521255493164
-38.127885055541995
-38.1365779876709
-38.14645652770996
-38.08701629638672
-38.131839752197266
-38.105356216430664
-38.15212211608887
-38.13670883178711
-38.10936317443848
-38.12294692993164
-38.08992004394531
-38.11406631469727
-38.06577987670899
-38.12284965515137
-38.10383644104004
-38.11613502502441
-38.09103660583496
-38.1256706237793
-38.0727783203125
-38.063357543945315
-38.05876426696777
-38.06487464904785
-38.07568435668945
-37.9948184967041
-38.04956321716308
-38.04086456298828
-37.989091873168945
-38.044917297363284
-38.06941184997559
-38.00670394897461
-38.023280715942384
-37.98643913269043
-38.044695663452146
-38.045753479003906
-37.9763126373291
-38.05204467773437
-37.962939453125
-38.013787841796876
-38.00784797668457
-38.01579551696777
-37.97359962463379
-37.983459854125975
-37.91979064941406
-37.99570274353027
-37.97785186767578
-37.93796806335449
-37.924923706054685
-37.924844360351564
-37.90576095581055
-37.95752220153808
-37.93431625366211
-37.91138114929199
-37.90855178833008
-37.89741897583008
-37.919898986816406
-37.87753829956055
-37.92524948120117
-37.86544342041016
-37.88364105224609
-37.83289833068848
-37.88534164428711
-37.894829177856444
-37.86844062805176
-37.86842422485351
-37.85570602416992
-37.866769027709964
-37.80776824951172
-37.86898498535156
-37.8162036895752
-37.82200660705566
-37.76804122924805
-37.81544494628906
-37.75261764526367
-37.74319610595703
-37.728149795532225
-37.73402862548828
-37.74022178649902
-37.70915908813477
-37.698968505859376
-37.73609809875488
-37.67168769836426
-37.70478782653809
-37.673621368408206
-37.65867462158203
-37.67669677734375
-37.64771575927735
-37.68455009460449
-37.65498237609863
-37.656071472167966
-37.63176307678223
-37.62578353881836
-37.5938304901123
-37.59332466125488
-37.62675018310547
-37.63988418579102
-37.578652954101564
-37.569617462158206
-37.524544906616214
-37.53411712646484
-37.56803169250488
-37.5177547454834
-37.47086296081543
-37.539682388305664
-37.44936981201172
-37.478294372558594
-37.49056816101074
-37.465260696411136
-37.45280303955078
-37.492805099487306
-37.450331115722655
-37.45623092651367
-37.39442901611328
-37.43435287475586
-37.411140060424806
-37.37733154296875
-37.34482383728027
-37.3817440032959
-37.31486358642578
-37.349300384521484
-37.32897300720215
-37.28114814758301
-37.31023941040039
-37.27275695800781
-37.2373706817627
-37.25120124816895
-37.22473793029785
-37.22367782592774
-37.194953536987306
-37.18083572387695
-37.20493621826172
-37.172297668457034
-37.17652130126953
-37.17297897338867
-37.13065299987793
-37.110302734375
-37.11207466125488
-37.08949661254883
-37.040008544921875
-37.053772354125975
-37.025481414794925
-37.030647659301756
-37.00233154296875
-37.04567108154297
-36.9731948852539
-36.98334312438965
-36.99607963562012
-36.94691429138184
-36.934804916381836
-36.97362594604492
-36.893557739257815
-36.89741401672363
-36.872854232788086
-36.84375
-36.860449600219724
-36.841616821289065
-36.818318939208986
-36.82486457824707
-36.78507919311524
-36.77131881713867
-36.71479187011719
-36.74441032409668
-36.71157951354981
-36.70875625610351
-36.69628372192383
-36.691212844848636
-36.651692962646486
-36.654227066040036
-36.59362449645996
-36.57641754150391
-36.569065475463866
-36.61701202392578
-36.57343215942383
-36.57104339599609
-36.510651397705075
-36.50202865600586
-36.477055358886716
-36.486063385009764
-36.47337760925293
-36.42812232971191
-36.442665100097656
-36.41688232421875
-36.41358947753906
-36.38319358825684
-36.38894920349121
-36.351567077636716
-36.344403457641604
-36.321768569946286
-36.29809494018555
-36.27570152282715
-36.27566757202148
-36.27030639648437
-36.2512565612793
-36.211473846435545
-36.17612648010254
-36.18480224609375
-36.151163482666014
-36.151801681518556
-36.116311645507814
-36.12301254272461
-36.07895202636719
-36.09946517944336
-36.06695709228516
-36.015160369873044
-36.05932846069336
-36.05572929382324
-35.93560371398926
-35.97506828308106
-35.919022750854495
-35.91886940002441
-35.936862564086915
-35.877848052978514
-35.86671600341797
-35.86594696044922
-35.827172088623044
-35.83868255615234
-35.816803741455075
-35.78386764526367
-35.765280151367186
-35.751446914672854
-35.74613914489746
-35.71859436035156
-35.70684051513672
-35.658931732177734
-35.66702537536621
-35.64642906188965
-35.63557395935059
-35.63085098266602
-35.588257217407225
-35.58163261413574
-35.54737930297851
-35.550540924072266
-35.5333911895752
-35.4887092590332
-35.48935165405273
-35.47800140380859
-35.46150550842285
-35.4693603515625
-35.41628837585449
-35.41065635681152
-35.38138275146484
-35.41031074523926
-35.38997192382813
-35.35148239135742
-35.351371383666994
-35.326031875610354
-35.31546592712402
-35.3000072479248
-35.29595031738281
-35.293603515625
-35.26850852966309
-35.2518611907959
-35.23913764953613
-35.2443790435791
-35.19545021057129
-35.21696014404297
-35.175544357299806
-35.188202667236325
-35.18535194396973
-35.17831573486328
-35.13546714782715
-35.134484100341794
-35.12603645324707
-35.11389923095703
-35.111189651489255
-35.0956672668457
-35.0884464263916
-35.08163986206055
-35.067303848266604
-35.06051902770996
-35.04143371582031
-35.03017463684082
-35.048191452026366
-35.02686042785645
-35.026860046386716
-35.00052146911621
-34.9942813873291
-34.98670349121094
-34.988653564453124
-34.9844165802002
-34.979227447509764
-34.97332229614258
-34.967583084106444
-34.95123977661133
-34.94021415710449
-34.93908958435058
-34.929006576538086
-34.915330505371095
-34.92971534729004
-34.91861228942871
-34.90769653320312
-34.92543487548828
-34.911690139770506
-34.9201717376709
-34.9033748626709
-34.89248962402344
-34.8880111694336
-34.881056213378905
-34.87661514282227
-34.87125091552734
-34.87110214233398
-34.8706714630127
-34.870430374145506
-34.855930709838866
-34.86494674682617
-34.85971870422363
-34.846741104125975
-34.84905853271484
-34.83622665405274
-34.84573669433594
-34.8422492980957
-34.8159797668457
-34.834937286376956
-34.84127349853516
-34.822011184692386
-34.82767753601074
-34.8107494354248
-34.813439559936526
-34.79898681640625
-34.80994720458985
-34.80903854370117
-34.80910949707031
-34.80988388061523
-34.81006011962891
-34.79508743286133
-34.79328994750976
-34.79224052429199
-34.78742370605469
-34.78961524963379
-34.78815269470215
-34.787123107910155
-34.77992210388184
-34.77983093261719
-34.786808013916016
-34.76576042175293
-34.77038040161133
-34.77864990234375
-34.77195434570312
-34.76851806640625
-34.774190521240236
-34.768133544921874
-34.76153297424317
-34.7591194152832
-34.76451416015625
-34.769230651855466
-34.75163650512695
-34.74015426635742
-34.75408363342285
-34.75971298217773
-34.75108451843262
-34.749394226074216
-34.7462516784668
-34.747008895874025
-34.745823287963866
-34.74940223693848
-34.738962173461914
-34.74273147583008
-34.74313850402832
-34.74504699707031
-34.74034194946289
-34.74003524780274
-34.7277437210083
-34.73628921508789
-34.7330924987793
-34.733511734008786
-34.7238712310791
-34.727403259277345
-34.725175857543945
-34.72705993652344
-34.724991989135745
-34.72148895263672
-34.72013549804687
-34.718122482299805
-34.72666549682617
-34.720366668701175
-34.71778831481934
-34.71617584228515
-34.72041625976563
-34.722601318359374
-34.71936874389648
-34.717904281616214
-34.70778923034668
-34.71234474182129
-34.708991622924806
-34.71413078308105
-34.714297485351565
-34.70384407043457
-34.71156997680664
-34.70333824157715
-34.70190544128418
-34.70978622436523
-34.70645370483398
-34.7069149017334
-34.70689353942871
-34.700931549072266
-34.70377044677734
-34.70443420410156
-34.70419197082519
-34.70663642883301
-34.7035587310791
-34.70436553955078
-34.70167846679688
-34.70525283813477
-34.69877395629883
-34.69976654052734
-34.69580001831055
-34.7041934967041
-34.70024223327637
-34.69865531921387
-34.7000228881836
-34.70130805969238
-34.70051536560059
-34.69782409667969
-34.690517044067384
-34.697489166259764
-34.69508399963379
-34.68967781066895
-34.696922302246094
-34.69186019897461
-34.68968162536621
-34.69363708496094
-34.69573287963867
-34.69275588989258
-34.69144859313965
-34.69176406860352
-34.693223571777345
-34.69020500183105
-34.687791442871095
-34.68811798095703
-34.68594055175781
-34.68498764038086
-34.686536407470705
-34.69051895141602
-34.68710441589356
-34.68539543151856
-34.68759880065918
-34.68688774108887
-34.68586463928223
-34.69248275756836
-34.68508415222168
-34.68166046142578
-34.686144256591795
-34.68190231323242
-34.68143310546875
-34.68369560241699
-34.684501266479494
-34.6829833984375
-34.67857284545899
-34.67523536682129
-34.68206253051758
-34.68013381958008
-34.6808162689209
-34.677969741821286
-34.68406448364258
-34.68219413757324
-34.68172645568848
-34.67879219055176
-34.67667770385742
-34.675824356079104
-34.67674102783203
-34.674642944335936
-34.67586059570313
-34.677489852905275
-34.677524948120116
-34.67564430236816
-34.67395133972168
-34.67696685791016
-34.67709045410156
-34.67582969665527
-34.676626205444336
-34.67121925354004
-34.6743221282959
-34.676503372192386
-34.67395210266113
-34.6725212097168
-34.672480773925784
-34.67399520874024
-34.66933326721191
-34.6725715637207
-34.67341537475586
-34.669390487670896
-34.67295875549316
-34.67142333984375
-34.67150115966797
-34.67269783020019
-34.673170471191405
-34.67115859985351
-34.67135353088379
-34.672096252441406
-34.670240020751955
-34.669938278198245
-34.672745895385745
-34.6711929321289
-34.66722183227539
-34.667687225341794
-34.66443634033203
-34.67001152038574
-34.66738739013672
-34.66613960266113
-34.66981201171875
-34.66846199035645
-34.66689109802246
-34.66604728698731
-34.66625480651855
-34.66917457580566
-34.66854743957519
-34.67187004089355
-34.66827964782715
-34.66857566833496
-34.66530303955078
-34.66556625366211
-34.66748733520508
-34.66550979614258
-34.66565170288086
-34.66406364440918
-34.66637954711914
-34.66691513061524
-34.66653747558594
-34.66525077819824
-34.66849250793457
-34.6659496307373
-34.66430740356445
-34.65902900695801
-34.66614875793457
-34.66621017456055
-34.66536254882813
-34.665219116210935
-34.66720275878906
-34.66286163330078
-34.66228408813477
-34.66179580688477
-34.66339645385742
-34.66250228881836
-34.664849853515626
-34.66647911071777
-34.661285400390625
-34.65983352661133
-34.66393775939942
-34.662210845947264
-34.66186714172363
-34.66429824829102
-34.66079750061035
-34.661293029785156
-34.665140533447264
-34.65972061157227
-34.66037559509277
-34.66163101196289
-34.65759162902832
-34.66267471313476
-34.66370887756348
-34.66238021850586
-34.65727424621582
-34.66089515686035
-34.65953483581543
-34.658728408813474
-34.66054153442383
-34.661124038696286
-34.6579288482666
-34.65971069335937
-34.65983505249024
-34.658640670776364
-34.66308326721192
-34.66095161437988
-34.66086769104004
-34.65958251953125
-34.65819473266602
-34.659677505493164
-34.658499526977536
-34.659518814086915
-34.65781211853027
-34.6558032989502
-34.65809860229492
-34.657558822631835
-34.65705032348633
-34.66136283874512
-34.65716781616211
-34.65804939270019
-34.658261108398435
-34.6591194152832
-34.65753364562988
-34.65961265563965
-34.65703163146973
-34.657714462280275
-34.657410049438475
-34.65539627075195
-34.65873413085937
-34.655042266845705
-34.65712699890137
-34.656608200073244
-34.65794677734375
-34.65792274475098
-34.6574764251709
-34.65731658935547
-34.659088897705075
-34.65589294433594
-34.65859413146973
-34.656262969970705
-34.65515823364258
-34.655795669555665
-34.65784606933594
-34.65633964538574
-34.65827178955078
-34.65715980529785
-34.65577011108398
-34.653947067260745
-34.65695724487305
-34.654986190795896
-34.65627212524414
-34.652639389038086
-34.65469398498535
-34.656151962280276
-34.6568790435791
-34.65981559753418
-34.658908462524415
-34.65528030395508
-34.65720558166504
-34.65495262145996
-34.65424690246582
-34.65538139343262
-34.654100036621095
-34.656864929199216
-34.65299835205078
-34.652657699584964
-34.65572929382324
-34.6572021484375
-34.65502815246582
-34.65277786254883
-34.653282165527344
-34.65285720825195
-34.655073928833005
-34.65405693054199
-34.65401382446289
-34.654335021972656
-34.65509948730469
-34.65409393310547
-34.653907012939456
-34.654991912841794
-34.652972030639646
-34.65260238647461
-34.65350074768067
-34.65438270568848
-34.65391311645508
-34.65138053894043
-34.652569961547854
-34.657266998291014
-34.6540225982666
-34.653936767578124
-34.65248107910156
-34.65253791809082
-34.653009033203126
-34.65250015258789
-34.65395851135254
-34.65315818786621
-34.65476608276367
-34.65352783203125
-34.6521110534668
-34.65304298400879
-34.65278091430664
-34.652595138549806
-34.654136657714844
-34.65393257141113
-34.6544605255127
-34.65134735107422
-34.65120429992676
-34.65215644836426
-34.65314407348633
-34.650425338745116
-34.652792358398436
-34.65266456604004
-34.65027046203613
-34.655413436889646
-34.65081558227539
-34.651361083984376
-34.65167350769043
-34.65163993835449
-34.65162582397461
-34.65242347717285
-34.651913452148435
-34.65224418640137
-34.650760650634766
-34.653494644165036
-34.65218811035156
-34.651882553100585
-34.65393486022949
-34.65200424194336
-34.65118637084961
-34.65147857666015
-34.652753067016604
-34.65044326782227
-34.650679397583005
-34.65212898254394
-34.65023193359375
-34.65124320983887
-34.65303688049316
-34.65196838378906
-34.650835800170896
-34.654578399658206
-34.65293846130371
-34.650600051879884
-34.6514778137207
-34.65160369873047
-34.651587295532224
-34.65153007507324
-34.650529098510745
-34.65190315246582
-34.650922775268555
-34.65130500793457
-34.65059127807617
-34.651394271850585
-34.65153694152832
-34.65079765319824
-34.65165138244629
-34.650722885131835
-34.65167655944824
-34.651106643676755
-34.65183982849121
