-47.23878784179688
-46.633907318115234
-46.515205001831056
-45.90229377746582
-45.748640823364255
-45.18092041015625
-44.85795707702637
-44.42899856567383
-43.81250114440918
-43.41901397705078
-43.477774429321286
-42.816090774536136
-42.53600921630859
-42.13439521789551
-41.92975044250488
-41.455075073242185
-41.26317520141602
-40.82952346801758
-40.46357536315918
-40.341637420654294
-40.05197639465332
-39.81130676269531
-39.44261436462402
-39.05293273925781
-38.890784072875974
-38.76051254272461
-38.545498275756835
-38.13658065795899
-38.05854377746582
-37.869835662841794
-37.70370216369629
-37.71813201904297
-37.47242774963379
-37.31222419738769
-37.212907791137695
-37.12445640563965
-36.929050827026366
-36.9180606842041
-36.81305503845215
-36.85763359069824
-36.858816909790036
-36.61942367553711
-36.432691955566405
-36.415966796875
-36.385493469238284
-36.315010452270506
-36.40867805480957
-36.428471374511716
-36.322031784057614
-36.26788063049317
-36.26446266174317
-36.2548282623291
-36.2194320678711
-36.148515701293945
-36.05512237548828
-36.11097526550293
-36.15717239379883
-35.98917655944824
-36.00012016296387
-36.060414505004886
-36.08596992492676
-35.9446159362793
-36.048760986328126
-36.03529052734375
-35.96934089660645
-36.05701370239258
-36.02594337463379
-35.91587257385254
-35.9186294555664
-35.92807235717773
-35.88212928771973
-35.89155883789063
-35.95445022583008
-35.85294532775879
-35.77336502075195
-35.84069175720215
-35.88279762268066
-35.82495346069336
-35.79328231811523
-35.861636352539065
-35.839765548706055
-35.77168083190918
-35.783324813842775
-35.81947975158691
-35.886679077148436
-35.74530372619629
-35.633534622192386
-35.674085235595705
-35.70707244873047
-35.763740921020506
-35.72954063415527
-35.68356437683106
-35.72163124084473
-35.83885040283203
-35.56605911254883
-35.63069076538086
-35.543413925170896
-35.57203903198242
-35.66838073730469
-35.5353889465332
-35.64029083251953
-35.625126647949216
-35.53606910705567
-35.5912368774414
-35.596014404296874
-35.50744819641113
-35.43765983581543
-35.52584266662598
-35.50145378112793
-35.557725524902345
-35.43772964477539
-35.35824546813965
-35.47992706298828
-35.47992706298828
-35.572383117675784
-35.47953987121582
-35.43415641784668
-35.40541877746582
-35.35012512207031
-35.442103958129884
-35.392173767089844
-35.514502716064456
-35.533728408813474
-35.37745246887207
-35.38987922668457
-35.43830528259277
-35.404567337036134
-35.44573287963867
-35.35094451904297
-35.384162521362306
-35.38945274353027
-35.25974578857422
-35.24449424743652
-35.23326301574707
-35.25025329589844
-35.298039245605466
-35.286106491088866
-35.20948677062988
-35.256981658935544
-35.302621078491214
-35.25104293823242
-35.32002410888672
-35.29593086242676
-35.251831436157225
-35.264334487915036
-35.292717361450194
-35.32513961791992
-35.26166191101074
-35.20685653686523
-35.20182418823242
-35.309343338012695
-35.312259674072266
-35.24982681274414
-35.26988830566406
-35.17474212646484
-35.202341842651364
-35.20068016052246
-35.24830207824707
-35.22962493896485
-35.3012336730957
-35.29856491088867
-35.20091705322265
-35.2034236907959
-35.070152282714844
-35.28938751220703
-35.22361297607422
-35.21590118408203
-35.13698806762695
-35.20579528808594
-35.217072296142575
-35.11564140319824
-35.190378189086914
-35.17586898803711
-35.260792922973636
-35.145463180541995
-35.10373039245606
-35.14053802490234
-35.16529922485351
-35.17395515441895
-35.05448570251465
-35.13204803466797
-35.03401069641113
-35.07562599182129
-35.162767791748045
-35.14466743469238
-35.14328460693359
-35.130297088623045
-35.087472152709964
-35.05152587890625
-35.15106048583984
-35.15958023071289
-35.00634269714355
-35.12131309509277
-35.07909927368164
-35.06046142578125
-35.05069122314453
-35.026845169067386
-35.172625350952146
-35.01772613525391
-35.11623687744141
-35.155564880371095
-35.06160697937012
-35.11284408569336
-35.064217758178714
-35.01695289611816
-35.05193939208984
-35.10949211120605
-35.12955780029297
-35.05202102661133
-35.07209701538086
-35.064369201660156
-35.02423439025879
-35.08832130432129
-35.02024955749512
-35.11109046936035
-35.154829788208005
-35.02216148376465
-35.084843444824216
-35.1206657409668
-35.05042343139648
-35.18121070861817
-35.041914749145505
-35.01521224975586
-35.121209716796876
-35.11575431823731
-35.14311904907227
-34.970318984985354
-34.96827087402344
-35.043047714233396
-35.07728157043457
-35.01742401123047
-35.12894554138184
-35.01979103088379
-35.044711685180665
-35.11849021911621
-35.00225067138672
-35.064405059814455
-35.03164100646973
-35.192552185058595
-35.00552635192871
-35.14320449829101
-35.068748474121094
-35.104136276245114
-35.02833137512207
-35.07300643920898
-35.012166595458986
-34.99149589538574
-35.03070068359375
-35.09879150390625
-35.04458999633789
-34.92680130004883
-34.99394836425781
-35.0436466217041
-34.94486083984375
-35.03309364318848
-35.01591491699219
-35.08819580078125
-34.99393272399902
-35.02520065307617
-35.00808830261231
-34.952426528930665
-34.964421081542966
-35.01068000793457
-35.004937744140626
-35.015760803222655
-34.931890869140624
-35.02158317565918
-35.030012893676755
-35.071398162841795
-35.00363960266113
-34.99467163085937
-34.955142974853516
-35.06149520874023
-35.01679725646973
-35.04154968261719
-34.97409324645996
-34.935629272460936
-35.02232437133789
-34.909766006469724
-35.07063179016113
-34.92658653259277
-35.058013916015625
-35.03476219177246
-35.003824615478514
-34.956915283203124
-35.04625129699707
-34.98378562927246
-35.022198867797854
-34.94835586547852
-34.837394332885744
-35.02580947875977
-35.02509536743164
-34.87659034729004
-34.92794990539551
-35.01356964111328
-34.91524543762207
-35.041232681274415
-34.95321159362793
-34.97150497436523
-34.91585235595703
-35.010057830810545
-34.97950210571289
-34.968149185180664
-34.89363174438476
-34.96456604003906
-34.91064796447754
-34.91831283569336
-34.86962394714355
-34.8409984588623
-34.88095283508301
-34.96029930114746
-34.880257034301756
-34.90830268859863
-34.967593383789065
-34.883558654785155
-34.90436134338379
-34.927548217773435
-34.975429916381835
-34.860465621948244
-34.842445373535156
-34.92817420959473
-34.75945358276367
-34.94103584289551
-34.89807205200195
-34.9970157623291
-34.85310173034668
-34.796220016479495
-34.89998207092285
-34.811048316955564
-34.891064453125
-34.85609931945801
-34.89656715393066
-34.915808486938474
-34.88339080810547
-34.965178680419925
-34.9595027923584
-34.848643112182614
-34.901383590698245
-34.82959671020508
-34.87792129516602
-34.80845069885254
-34.80594139099121
-34.82355422973633
-34.913333892822266
-34.880083847045896
-34.86977081298828
-34.93411979675293
-34.90383033752441
-34.86464729309082
-34.89438591003418
-34.86651458740234
-34.7088119506836
-34.88157005310059
-34.78598556518555
-34.90023994445801
-34.81196823120117
-34.83606491088867
-34.83383331298828
-34.8416030883789
-34.80799407958985
-34.808086204528806
-34.794203186035155
-34.77355766296387
-34.78421745300293
-34.85989265441894
-34.70223731994629
-34.7910831451416
-34.75111618041992
-34.75771026611328
-34.78230323791504
-34.72117042541504
-34.81881332397461
-34.769772338867185
-34.78783645629883
-34.78964767456055
-34.71396732330322
-34.702741622924805
-34.71138458251953
-34.75674552917481
-34.803672790527344
-34.66065635681152
-34.70902786254883
-34.707464599609374
-34.74542045593262
-34.767880249023435
-34.682287979125974
-34.689252853393555
-34.772565841674805
-34.67671661376953
-34.64177894592285
-34.68014221191406
-34.63915252685547
-34.6951301574707
-34.64570941925049
-34.75652084350586
-34.65180358886719
-34.636466598510744
-34.72112121582031
-34.73186569213867
-34.64367790222168
-34.57048072814941
-34.66114540100098
-34.647826766967775
-34.6857192993164
-34.651940155029294
-34.6072494506836
-34.68349113464355
-34.64287414550781
-34.60815162658692
-34.64326477050781
-34.64902572631836
-34.63009490966797
-34.70053367614746
-34.63460083007813
-34.62831192016601
-34.61533622741699
-34.59717903137207
-34.6217456817627
-34.63696365356445
-34.53248558044434
-34.635376358032225
-34.64555892944336
-34.52427673339844
-34.50849838256836
-34.54141464233398
-34.545277786254886
-34.51619758605957
-34.62758369445801
-34.476688385009766
-34.54121284484863
-34.58707809448242
-34.50088806152344
-34.554938888549806
-34.561458587646484
-34.55041160583496
-34.50887336730957
-34.478804397583005
-34.545253372192384
-34.53190116882324
-34.56846160888672
-34.46351509094238
-34.59867210388184
-34.550105285644534
-34.517160415649414
-34.481327056884766
-34.44585494995117
-34.49002342224121
-34.431501388549805
-34.424734115600586
-34.43886528015137
-34.47156181335449
-34.489010620117185
-34.404370880126955
-34.394216537475586
-34.376640701293944
-34.41258697509765
-34.42588729858399
-34.46029891967773
-34.404687118530276
-34.392634582519534
-34.390494918823244
-34.37047233581543
-34.47074737548828
-34.43872337341308
-34.43093681335449
-34.36881217956543
-34.45750846862793
-34.43206634521484
-34.4048568725586
-34.37433433532715
-34.466661834716795
-34.37216033935547
-34.37120170593262
-34.38880996704101
-34.414405822753906
-34.379482650756835
-34.40824432373047
-34.315604019165036
-34.35668182373047
-34.358435821533206
-34.42316036224365
-34.3570442199707
-34.28395805358887
-34.35829658508301
-34.31531867980957
-34.38127746582031
-34.35281600952148
-34.33191032409668
-34.384072875976564
-34.42266273498535
-34.302062606811525
-34.365796661376955
-34.34169807434082
-34.340105819702146
-34.34340400695801
-34.28643798828125
-34.296007537841795
-34.34570541381836
-34.364756393432614
-34.31641616821289
-34.29052047729492
-34.3183292388916
-34.317864990234376
-34.30121421813965
-34.37358703613281
-34.36225776672363
-34.343505477905275
-34.31896896362305
-34.30126686096192
-34.305172729492185
-34.34796714782715
-34.3234920501709
-34.300437927246094
-34.37605857849121
-34.29884414672851
-34.32053909301758
-34.32959251403808
-34.315312194824216
-34.33386650085449
-34.334083557128906
-34.29448356628418
-34.33188247680664
-34.28564872741699
-34.349026107788085
-34.30731620788574
-34.35274887084961
-34.315843200683595
-34.342011260986325
-34.33010673522949
-34.31161308288574
-34.373936080932616
-34.331000900268556
-34.358511734008786
-34.374562454223636
-34.36611633300781
-34.347796249389646
-34.36130218505859
-34.387610244750974
-34.323422241210935
-34.40091667175293
-34.35742874145508
-34.38975715637207
-34.43138389587402
-34.4164321899414
-34.37538795471191
-34.414211654663085
-34.39730682373047
-34.39166030883789
-34.39408531188965
-34.4182373046875
-34.39629020690918
-34.426004028320314
-34.40658950805664
-34.41372871398926
-34.383297729492185
-34.41519012451172
-34.42312355041504
-34.4387020111084
-34.47714347839356
-34.420235061645506
-34.42151794433594
-34.44448184967041
-34.422874450683594
-34.45426445007324
-34.439202880859376
-34.43973274230957
-34.45258560180664
-34.44540672302246
-34.432551574707034
-34.4501932144165
-34.45020637512207
-34.44800491333008
-34.456172943115234
-34.47761764526367
-34.44612770080566
-34.47475128173828
-34.478484344482425
-34.50166664123535
-34.49203720092773
-34.482330322265625
-34.47013549804687
-34.486840057373044
-34.48564414978027
-34.47760848999023
-34.50312881469726
-34.500872421264646
-34.51174354553223
-34.49502429962158
-34.50844841003418
-34.5219223022461
-34.50963439941406
-34.520402145385745
-34.50511493682861
-34.52730102539063
-34.521091842651366
-34.49454574584961
-34.528218841552736
-34.54097709655762
-34.526032257080075
-34.536695098876955
-34.51637306213379
-34.52692909240723
-34.50914077758789
-34.53107948303223
-34.53243141174316
-34.53736915588379
-34.537854766845705
-34.546409606933594
-34.527701950073244
-34.53766555786133
-34.54204216003418
-34.54322204589844
-34.55338706970215
-34.55033531188965
-34.55678482055664
-34.54607620239258
-34.54874267578125
-34.56663436889649
-34.54314842224121
-34.5460880279541
-34.55748748779297
-34.55995826721191
-34.55722236633301
-34.56264801025391
-34.56077079772949
-34.55921096801758
-34.56182861328125
-34.569861221313474
-34.578965759277345
-34.559007263183595
-34.535329818725586
-34.56053771972656
-34.577841186523436
-34.56489219665527
-34.56535949707031
-34.5741886138916
-34.57418975830078
-34.57491836547852
-34.580126953125
-34.57538185119629
-34.57906265258789
-34.57885971069336
-34.58406372070313
-34.57830696105957
-34.57776985168457
-34.570115852355954
-34.58287086486816
-34.58104057312012
-34.5795295715332
-34.57379264831543
-34.58224754333496
-34.58077430725098
-34.579868698120116
-34.58330383300781
-34.580126953125
-34.577035140991214
-34.57833251953125
-34.59292106628418
-34.58432960510254
-34.582978057861325
-34.58592491149902
-34.589432907104495
-34.593632507324216
-34.59398193359375
-34.59539642333984
-34.5841567993164
-34.589237213134766
-34.589310836791995
-34.59265213012695
-34.59756088256836
-34.59166946411133
-34.59855575561524
-34.59126853942871
-34.58782615661621
-34.59441299438477
-34.59580421447754
-34.59605484008789
-34.59971618652344
-34.591561508178714
-34.597529602050784
-34.600947570800784
-34.60284576416016
-34.6050422668457
-34.60400238037109
-34.60448303222656
-34.60025634765625
-34.61060066223145
-34.60306396484375
-34.60557899475098
-34.60082244873047
-34.609385299682614
-34.60964813232422
-34.60803718566895
-34.61264991760254
-34.60974960327148
-34.61218681335449
-34.60715675354004
-34.60070533752442
-34.609740829467775
-34.60752944946289
-34.60385665893555
-34.61306381225586
-34.60945930480957
-34.60665855407715
-34.61321029663086
-34.613745498657224
-34.61447868347168
-34.60760383605957
-34.61342544555664
-34.61404914855957
-34.61271781921387
-34.609566116333006
-34.61100959777832
-34.61008796691895
-34.60861778259277
-34.6099292755127
-34.61879920959473
-34.61284141540527
-34.61440658569336
-34.61493759155273
-34.6184139251709
-34.61751480102539
-34.622758102416995
-34.61434783935547
-34.61531715393066
-34.619157028198245
-34.61315078735352
-34.61278457641602
-34.61887397766113
-34.62106857299805
-34.61730804443359
-34.61484603881836
-34.608618545532224
-34.6189323425293
-34.61588554382324
-34.6206916809082
-34.61742324829102
-34.62374610900879
-34.620751953125
-34.622053146362305
-34.619743728637694
-34.618264770507814
-34.61725120544433
-34.62050895690918
-34.61770820617676
-34.62145576477051
-34.620048904418944
-34.623313903808594
-34.621653366088864
-34.616376876831055
-34.62483558654785
-34.624032211303714
-34.623421096801756
-34.62537727355957
-34.618052291870114
-34.62380180358887
-34.626935195922854
-34.62261428833008
-34.622226333618165
-34.62207183837891
-34.62393646240234
-34.61999244689942
-34.62307891845703
-34.62509307861328
-34.62274703979492
-34.627112579345706
-34.62437362670899
-34.62550582885742
-34.62596435546875
-34.62659225463867
-34.6270206451416
-34.625939559936526
-34.62704582214356
-34.62474746704102
-34.6271167755127
-34.628892517089845
-34.627109336853025
-34.623521423339845
-34.62485237121582
-34.62166213989258
-34.627288818359375
-34.62589225769043
-34.62453422546387
-34.628027725219724
-34.62806701660156
-34.627417373657224
-34.62694091796875
-34.6265365600586
-34.63028678894043
-34.63024368286133
-34.63312759399414
-34.63017387390137
-34.62991828918457
-34.627384948730466
-34.62820129394531
-34.62994499206543
-34.629181671142575
-34.629931640625
-34.6279899597168
-34.6304630279541
-34.629808044433595
-34.63164939880371
-34.62948341369629
-34.633093643188474
-34.63159255981445
-34.62862548828125
-34.623755264282224
-34.631662368774414
-34.63285484313965
-34.63186111450195
-34.63198966979981
-34.63491668701172
-34.6298267364502
-34.629856491088866
-34.628388214111325
-34.63011360168457
-34.629577255249025
-34.633473587036136
-34.63503189086914
-34.6298713684082
-34.629098892211914
-34.6339412689209
-34.63194885253906
-34.632027816772464
-34.63390960693359
-34.631573867797854
-34.63281478881836
-34.63670616149902
-34.62995643615723
-34.63151245117187
-34.63235740661621
-34.63008689880371
-34.63462829589844
-34.63598365783692
-34.634639739990234
-34.63094139099121
-34.63325653076172
-34.63122367858887
-34.631307220458986
-34.63305511474609
-34.635258483886716
-34.63101806640625
-34.632554626464845
-34.63380126953125
-34.63285942077637
-34.637389755249025
-34.634912109375
-34.63550338745117
-34.63464775085449
-34.63317985534668
-34.634389877319336
-34.63304100036621
-34.63500709533692
-34.63343887329101
-34.63162078857422
-34.63437347412109
-34.63422203063965
-34.63205528259277
-34.637929153442386
-34.63302116394043
-34.634734344482425
-34.63533515930176
-34.63627700805664
-34.63473014831543
-34.63754501342773
-34.63497123718262
-34.63584251403809
-34.635202407836914
-34.63289909362793
-34.63685684204101
-34.63258590698242
-34.63516960144043
-34.63574104309082
-34.63584671020508
-34.63642120361328
-34.63695449829102
-34.63687248229981
-34.63859481811524
-34.63498382568359
-34.638305282592775
-34.63629264831543
-34.634752655029295
-34.63517799377441
-34.63828468322754
-34.63669319152832
-34.63911514282226
-34.63759307861328
-34.63680763244629
-34.634864807128906
-34.63818283081055
-34.636282730102536
-34.63757667541504
-34.63361854553223
-34.636145782470706
-34.63870048522949
-34.63849296569824
-34.64175109863281
-34.642049407958986
-34.63759269714355
-34.63953170776367
-34.637882232666016
-34.636824417114255
-34.63779258728027
-34.63723297119141
-34.63982467651367
-34.635783958435056
-34.63553161621094
-34.63901557922363
-34.63983726501465
-34.63838996887207
-34.63601951599121
-34.636742401123044
-34.63641548156738
-34.63890266418457
-34.63828964233399
-34.63831481933594
-34.63855171203613
-34.63961982727051
-34.638701629638675
-34.638159561157224
-34.63949775695801
-34.637190628051755
-34.63750305175781
-34.63786697387695
-34.639210891723636
-34.639451599121095
-34.636450576782224
-34.63743705749512
-34.64293174743652
-34.63955383300781
-34.63962097167969
-34.637908935546875
-34.638831329345706
-34.638729095458984
-34.6382942199707
-34.6399600982666
-34.63911514282226
-34.640386962890624
-34.63940658569336
-34.6379940032959
-34.6397518157959
-34.63960227966309
-34.639356994628905
-34.64071273803711
-34.64041748046875
-34.64128303527832
-34.638366317749025
-34.637944030761716
-34.63895950317383
-34.641014862060544
-34.63765258789063
-34.64037246704102
-34.639766693115234
-34.63748207092285
-34.64307708740235
-34.63855209350586
-34.63905334472656
-34.63946342468262
-34.6396987915039
-34.639719009399414
-34.64073600769043
-34.63974456787109
-34.64052848815918
-34.63898544311523
-34.6420280456543
-34.64060287475586
-34.64036750793457
-34.64266662597656
-34.64056167602539
-34.640207290649414
-34.6401927947998
-34.641822814941406
-34.638954162597656
-34.639725875854495
-34.64129066467285
-34.63964653015137
-34.64038238525391
-34.642082595825194
-34.64112739562988
-34.63987808227539
-34.643731689453126
-34.64245109558105
-34.63998222351074
-34.64160575866699
-34.64142265319824
-34.64133148193359
-34.641665649414065
-34.64026947021485
-34.64191017150879
-34.64090995788574
-34.64139938354492
-34.640638732910155
-34.641688919067384
-34.64195671081543
-34.640730667114255
-34.64216423034668
-34.64085845947265
-34.64228706359863
-34.64173583984375
-34.64285850524902
