-35.51952896118164
-35.29185409545899
-35.131857299804686
-34.681914520263675
-34.49312629699707
-34.303660202026364
-34.2696949005127
-34.00664100646973
-33.695559692382815
-33.530099868774414
-33.339430236816405
-33.1659553527832
-32.935258293151854
-32.834245681762695
-32.758659744262694
-32.62142124176025
-32.53743133544922
-32.48855991363526
-32.46772403717041
-32.31834106445312
-32.1050521850586
-32.1041877746582
-31.979172134399413
-31.90317554473877
-31.93105983734131
-31.88335247039795
-31.780749320983887
-31.761027336120605
-31.692500114440918
-31.799866104125975
-31.72866039276123
-31.852107048034668
-31.702138900756836
-31.838143348693848
-31.65890598297119
-31.681770706176756
-31.658665657043457
-31.603662109375
-31.65196113586426
-31.729840660095213
-31.717280006408693
-31.70525360107422
-31.648446464538573
-31.651553916931153
-31.70793933868408
-31.62455654144287
-31.693965339660643
-31.69995174407959
-31.701989364624023
-31.67354793548584
-31.732127571105956
-31.65737590789795
-31.70511875152588
-31.723795318603514
-31.700596618652344
-31.599514198303222
-31.69686107635498
-31.70118980407715
-31.824345207214357
-31.755518913269043
-31.799153137207032
-31.789876174926757
-31.830206871032715
-31.802291107177734
-31.708291625976564
-31.763955307006835
-31.808099365234376
-31.807032966613768
-31.80353355407715
-31.799263954162598
-31.71729431152344
-31.862322044372558
-31.846967124938963
-31.908341217041016
-31.758884620666503
-31.77022705078125
-31.791808891296387
-31.81060924530029
-31.82427806854248
-31.874652481079103
-31.84576301574707
-31.764929962158202
-31.855653953552245
-31.789396476745605
-31.90421943664551
-31.80382881164551
-31.770977592468263
-31.842293167114256
-31.88015995025635
-31.957647132873536
-31.881842041015624
-31.857956314086913
-31.900051498413085
-31.86943950653076
-31.88024272918701
-31.8607271194458
-31.914007949829102
-31.922647285461426
-31.85253162384033
-31.90571880340576
-31.85793972015381
-31.925340843200683
-31.919068336486816
-31.859035682678222
-31.912385177612304
-31.85706844329834
-31.932460975646972
-31.94927406311035
-31.921402549743654
-31.900565338134765
-31.929857635498045
-31.8641077041626
-31.898445892333985
-31.947210121154786
-31.971653747558594
-31.93709945678711
-32.03715934753418
-32.04466495513916
-31.99010124206543
-31.98960609436035
-31.95512981414795
-32.010934066772464
-32.03977279663086
-32.00882263183594
-32.02532196044922
-31.9836856842041
-31.98468780517578
-32.049173545837405
-32.015555191040036
-32.0336633682251
-32.043337059021
-32.05693359375
-32.08234405517578
-32.061455726623535
-32.02647037506104
-32.0531400680542
-32.023793411254886
-32.052353858947754
-32.0541015625
-32.054633140563965
-32.07616195678711
-32.074395751953126
-32.083129692077634
-32.121660232543945
-32.014864921569824
-32.01841506958008
-32.127892684936526
-32.075527572631835
-32.028097534179686
-32.17772521972656
-32.04447288513184
-32.08339786529541
-32.0174560546875
-32.14510536193848
-32.085848808288574
-32.11594562530517
-32.21319923400879
-32.11328964233398
-32.090358924865725
-32.11708011627197
-32.11133346557617
-32.17936553955078
-32.09623622894287
-32.07081565856934
-32.11325454711914
-32.16861572265625
-32.136925315856935
-32.18922748565674
-32.09145851135254
-32.06125659942627
-32.1532657623291
-32.20449371337891
-32.182263946533205
-32.19077053070068
-32.1330171585083
-32.25354480743408
-32.15998992919922
-32.177623176574706
-32.2099531173706
-32.21380062103272
-32.235293006896974
-32.10244445800781
-32.178937149047854
-32.22550601959229
-32.156257438659665
-32.188253211975095
-32.1676721572876
-32.2844144821167
-32.23697338104248
-32.14254875183106
-32.159417152404785
-32.166443252563475
-32.214429473876955
-32.19334125518799
-32.20846729278564
-32.18287372589111
-32.27276725769043
-32.18892211914063
-32.23688945770264
-32.25634498596192
-32.196236038208006
-32.271233558654785
-32.186113357543945
-32.126726150512695
-32.22299785614014
-32.23076686859131
-32.20911483764648
-32.24872245788574
-32.234099578857425
-32.175070190429686
-32.21627368927002
-32.18527050018311
-32.22799568176269
-32.20616226196289
-32.28222999572754
-32.24576587677002
-32.25087356567383
-32.199249267578125
-32.201724243164065
-32.253296089172366
-32.28476276397705
-32.24540386199951
-32.234518432617186
-32.25825538635254
-32.224628639221194
-32.269277000427245
-32.30534152984619
-32.33383007049561
-32.291477012634275
-32.27409782409668
-32.241179847717284
-32.267025756835935
-32.28139533996582
-32.30878734588623
-32.30638427734375
-32.21383857727051
-32.25396499633789
-32.308975791931154
-32.29699897766113
-32.25899429321289
-32.21959056854248
-32.29385242462158
-32.26141586303711
-32.2674596786499
-32.2487154006958
-32.28842754364014
-32.2677303314209
-32.279158210754396
-32.31606750488281
-32.27443256378174
-32.284955215454104
-32.32920455932617
-32.32736434936523
-32.29820537567139
-32.29735279083252
-32.28879890441895
-32.308790016174314
-32.329202270507814
-32.220811462402345
-32.332270812988284
-32.24916362762451
-32.331315994262695
-32.22916145324707
-32.296118545532224
-32.35997772216797
-32.309875106811525
-32.27575817108154
-32.293532371520996
-32.32695693969727
-32.3249792098999
-32.31900691986084
-32.380021286010745
-32.34800834655762
-32.417240905761716
-32.35435047149658
-32.34076614379883
-32.36342830657959
-32.3535888671875
-32.421498489379886
-32.29969177246094
-32.39734725952148
-32.36856117248535
-32.36227893829346
-32.388502311706546
-32.3314868927002
-32.37949180603027
-32.41876773834228
-32.39185638427735
-32.401444053649904
-32.407344818115234
-32.40576572418213
-32.392337226867674
-32.38759708404541
-32.43546009063721
-32.44521923065186
-32.37355766296387
-32.39327411651611
-32.405134201049805
-32.4198392868042
-32.461043167114255
-32.38638496398926
-32.41404762268066
-32.451110649108884
-32.444749450683595
-32.415519905090335
-32.46170310974121
-32.49774799346924
-32.45116748809814
-32.44127521514893
-32.46670646667481
-32.51503429412842
-32.53484592437744
-32.518813896179196
-32.46992950439453
-32.47655982971192
-32.573319053649904
-32.53685035705566
-32.47731380462646
-32.60224609375
-32.5943323135376
-32.576033210754396
-32.6067569732666
-32.539217185974124
-32.605529594421384
-32.579460525512694
-32.63151054382324
-32.68028717041015
-32.64728565216065
-32.620862770080564
-32.67197437286377
-32.69379787445068
-32.65230369567871
-32.66822357177735
-32.71168212890625
-32.635436820983884
-32.72813339233399
-32.729861640930174
-32.71106586456299
-32.68729858398437
-32.75836372375488
-32.7636079788208
-32.771370315551756
-32.74514579772949
-32.79867668151856
-32.7963565826416
-32.849670219421384
-32.845717430114746
-32.83639507293701
-32.86791172027588
-32.856344604492186
-32.86383991241455
-32.9188892364502
-32.92424774169922
-32.938084030151366
-32.91874465942383
-32.96153945922852
-32.996330642700194
-32.985092353820804
-32.979914855957034
-33.03133354187012
-33.0605525970459
-33.07223892211914
-33.079834175109866
-33.07515754699707
-33.13678550720215
-33.097819328308105
-33.12384967803955
-33.16065273284912
-33.15891342163086
-33.19163017272949
-33.22064476013183
-33.21966915130615
-33.23181285858154
-33.26101379394531
-33.2493932723999
-33.30143661499024
-33.31960906982422
-33.31952896118164
-33.32828216552734
-33.33846855163574
-33.35290927886963
-33.40470848083496
-33.392631721496585
-33.458169555664064
-33.49575920104981
-33.50113868713379
-33.51517887115479
-33.518051338195804
-33.518825149536134
-33.54718132019043
-33.56340560913086
-33.58594951629639
-33.605229187011716
-33.63533401489258
-33.63755874633789
-33.654057312011716
-33.68267822265625
-33.691288757324216
-33.706895446777345
-33.72766227722168
-33.73512191772461
-33.75636787414551
-33.788702201843265
-33.79054889678955
-33.81392993927002
-33.79885368347168
-33.854153060913085
-33.850276184082034
-33.85339889526367
-33.8894775390625
-33.88464698791504
-33.88223495483398
-33.92087059020996
-33.92457313537598
-33.93997344970703
-33.95290832519531
-33.952193069458005
-33.97976951599121
-34.0026554107666
-34.00974884033203
-34.005994415283205
-34.01786155700684
-34.049605178833005
-34.04728355407715
-34.059352493286134
-34.075879669189455
-34.08506355285645
-34.099957656860354
-34.10685653686524
-34.122807312011716
-34.11917152404785
-34.12919960021973
-34.15142402648926
-34.15635185241699
-34.16012344360352
-34.162207794189456
-34.18210411071777
-34.190115737915036
-34.19197807312012
-34.20340347290039
-34.21630668640137
-34.22554473876953
-34.22958946228027
-34.240107727050784
-34.238715744018556
-34.25235595703125
-34.258582305908206
-34.259097290039065
-34.26649894714355
-34.271746444702146
-34.278371810913086
-34.28510360717773
-34.294256591796874
-34.2951904296875
-34.297420501708984
-34.30753784179687
-34.3126708984375
-34.31701240539551
-34.323176574707034
-34.32375144958496
-34.33197364807129
-34.33720169067383
-34.3444019317627
-34.34777641296387
-34.35070152282715
-34.35792121887207
-34.366837882995604
-34.36678771972656
-34.37064971923828
-34.37705688476562
-34.37766799926758
-34.38031692504883
-34.386087036132814
-34.38859634399414
-34.39280471801758
-34.39760246276855
-34.40442008972168
-34.40554351806641
-34.41049423217773
-34.408959197998044
-34.41531944274902
-34.42138824462891
-34.42337646484375
-34.42464065551758
-34.42739906311035
-34.434949684143064
-34.43423652648926
-34.433020401000974
-34.43782958984375
-34.442610549926755
-34.4437313079834
-34.44835166931152
-34.45139999389649
-34.45171852111817
-34.455517578125
-34.45773048400879
-34.46034889221191
-34.46443824768066
-34.46380081176758
-34.46720314025879
-34.46878776550293
-34.47332954406738
-34.474592971801755
-34.47745952606201
-34.47802925109863
-34.47918491363525
-34.4838451385498
-34.48515167236328
-34.48596000671387
-34.48998680114746
-34.49111366271973
-34.49337615966797
-34.49424362182617
-34.496714401245114
-34.498426055908205
-34.4993278503418
-34.502423477172854
-34.50428848266601
-34.50752296447754
-34.50661697387695
-34.507032775878905
-34.50977821350098
-34.51162109375
-34.51287574768067
-34.51644172668457
-34.51636734008789
-34.51829032897949
-34.520080947875975
-34.52029190063477
-34.521949768066406
-34.52240333557129
-34.524222946166994
-34.52686042785645
-34.52792510986328
-34.52917251586914
-34.530562210083005
-34.532297897338864
-34.53484573364258
-34.53391571044922
-34.53585968017578
-34.53689308166504
-34.53855323791504
-34.53908271789551
-34.54131813049317
-34.54191703796387
-34.542178344726565
-34.54377403259277
-34.54381408691406
-34.54622688293457
-34.546160507202146
-34.546871185302734
-34.54841499328613
-34.55011215209961
-34.550192260742186
-34.552192306518556
-34.55285720825195
-34.5541446685791
-34.5550048828125
-34.55605010986328
-34.556523132324216
-34.55708465576172
-34.55887031555176
-34.558842468261716
-34.558848190307614
-34.560512161254884
-34.56215190887451
-34.56140079498291
-34.56293907165527
-34.564918518066406
-34.5656436920166
-34.56611709594726
-34.56663818359375
-34.56763114929199
-34.56796455383301
-34.56894187927246
-34.56997184753418
-34.57121410369873
-34.570790481567386
-34.57332420349121
-34.57268714904785
-34.57393836975098
-34.574031829833984
-34.575368118286136
-34.575016021728516
-34.57636680603027
-34.57760734558106
-34.57685241699219
-34.57766571044922
-34.57931671142578
-34.57930488586426
-34.57981300354004
-34.5803108215332
-34.58154830932617
-34.58190841674805
-34.58204803466797
-34.58247299194336
-34.582949829101565
-34.583784103393555
-34.58536949157715
-34.584754943847656
-34.58527717590332
-34.58547401428223
-34.58664398193359
-34.58733940124512
-34.58762130737305
-34.58851852416992
-34.58889656066894
-34.589117431640624
-34.5898380279541
-34.59001274108887
-34.590702819824216
-34.59233474731445
-34.591725540161136
-34.59254760742188
-34.59244995117187
-34.59231185913086
-34.59378929138184
-34.59464302062988
-34.59442024230957
-34.59503707885742
-34.594718551635744
-34.59631080627442
-34.59614143371582
-34.59657440185547
-34.5973403930664
-34.59824676513672
-34.59812850952149
-34.59809608459473
-34.599015426635745
-34.59930610656738
-34.59868202209473
-34.60018653869629
-34.600511932373045
-34.600286865234374
-34.601034545898436
-34.60178108215332
-34.60177726745606
-34.601430130004886
-34.60210266113281
-34.602786254882815
-34.60283164978027
-34.60352096557617
-34.60411911010742
-34.604484176635744
-34.60415115356445
-34.604475784301755
-34.60471076965332
-34.60568733215332
-34.605896377563475
-34.60618705749512
-34.60617637634277
-34.60674133300781
-34.60701370239258
-34.608409309387206
-34.60847396850586
-34.60771789550781
-34.60850830078125
-34.60851211547852
-34.609549331665036
-34.60938606262207
-34.609566116333006
-34.610450744628906
-34.610443878173825
-34.610418701171874
-34.610321044921875
-34.61097373962402
-34.611259078979494
-34.61158790588379
-34.61177368164063
-34.61242408752442
-34.61213684082031
-34.61268539428711
-34.61242408752442
-34.61372108459473
-34.61368751525879
-34.613857650756835
-34.61360206604004
-34.614370346069336
-34.61432418823242
-34.614535903930665
-34.614661407470706
-34.615067672729495
-34.615736389160155
-34.61550064086914
-34.61603469848633
-34.616350173950195
-34.615874481201175
-34.61606101989746
-34.616733169555665
-34.61701202392578
-34.617453002929686
-34.6176040649414
-34.617801666259766
-34.61725616455078
-34.61762809753418
-34.617926025390624
-34.61788673400879
-34.61848945617676
-34.61855239868164
-34.618873596191406
-34.619210433959964
-34.6194351196289
-34.61930923461914
-34.6193042755127
-34.6204174041748
-34.62010803222656
-34.620687866210936
-34.62091178894043
-34.62092323303223
-34.620574951171875
-34.62109451293945
-34.62135887145996
-34.62109718322754
-34.62171325683594
-34.621924591064456
-34.62237396240234
-34.6220344543457
-34.62259941101074
-34.622321701049806
-34.6227783203125
-34.62281875610351
-34.6231273651123
-34.62255325317383
-34.62316818237305
-34.623809051513675
-34.62319679260254
-34.62363739013672
-34.62380714416504
-34.62369842529297
-34.62409858703613
-34.62424812316895
-34.62410545349121
-34.62414741516113
-34.62449150085449
-34.62466812133789
-34.624853897094724
-34.625384140014646
-34.62570495605469
-34.62583351135254
-34.62563209533691
-34.62541732788086
-34.62561454772949
-34.62585525512695
-34.626528930664065
-34.626318740844724
-34.626627349853514
-34.62637023925781
-34.62666282653809
-34.626700210571286
-34.626441955566406
-34.62725296020508
-34.627678298950194
-34.627248764038086
-34.627488708496095
-34.62782974243164
-34.627675247192386
-34.628571319580075
-34.627895736694335
-34.62825088500976
-34.627974319458005
-34.62866096496582
-34.628327178955075
-34.628573989868165
-34.62866325378418
-34.628662109375
-34.62900657653809
-34.629337310791016
-34.6291145324707
-34.62919654846191
-34.62943115234375
-34.62948303222656
-34.629778671264646
-34.62974586486816
-34.62980194091797
-34.63007431030273
-34.629996109008786
-34.629957580566405
-34.630400848388675
-34.630402374267575
-34.630175018310545
-34.630377197265624
-34.630484390258786
-34.630652618408206
-34.63092613220215
-34.63095359802246
-34.631159973144534
-34.63134536743164
-34.631385803222656
-34.63146133422852
-34.631344604492185
-34.631639862060545
-34.6312973022461
