3.5895220279693603
3.8173051834106446
3.941353607177734
3.7387943267822266
3.971418929100037
4.269205927848816
4.519457817077637
4.581811618804932
4.62345552444458
4.695761275291443
4.8771750926971436
5.046660280227661
5.009021806716919
5.353427267074585
5.575339651107788
5.956593227386475
6.464648199081421
6.4047009468078615
7.094230651855469
7.031751203536987
6.878658723831177
7.324162817001342
7.478935432434082
7.680136108398438
8.597922086715698
8.484100675582885
8.697508478164673
9.13139705657959
9.359481811523438
10.120521831512452
10.387929725646973
11.243569946289062
10.60432186126709
11.292361164093018
11.03787841796875
11.453322887420654
12.400243854522705
12.322916030883789
12.518501567840577
13.304731559753417
14.047157096862794
13.510332298278808
13.951761245727539
13.909234237670898
14.158513259887695
15.036505031585694
14.516706562042236
15.014554023742676
15.075732421875
15.564212894439697
16.58011875152588
15.914691162109374
16.728344917297363
16.558279705047607
17.36866703033447
16.010882663726807
16.746624755859376
17.30348672866821
17.72580451965332
17.651927280426026
18.139345932006837
18.536772537231446
19.009869194030763
18.304829597473145
18.049701690673828
18.78979377746582
19.731105613708497
18.61411476135254
19.25736074447632
19.543458652496337
19.107123565673827
20.147556877136232
20.155102729797363
20.633971786499025
19.35032377243042
20.048841094970705
20.26805248260498
20.36069459915161
21.65234966278076
21.527657890319823
21.752863025665285
20.74525890350342
21.655377006530763
21.302114295959473
22.121022033691407
21.479592418670656
21.42011413574219
22.38687381744385
22.315348052978514
23.019352912902832
22.502784538269044
23.500113868713377
23.21087589263916
23.32792720794678
23.859136390686036
23.651081466674803
23.680762481689452
23.110665321350098
23.57742557525635
24.052808570861817
24.406757736206053
26.037619018554686
24.476562690734863
25.10508632659912
24.338513946533205
25.15374755859375
25.94660530090332
25.991917991638182
25.22033748626709
25.497316932678224
27.16349983215332
26.410386276245116
26.684489250183105
26.022620010375977
27.61914176940918
26.40855941772461
28.278042602539063
28.798107528686522
28.843806076049805
28.77631244659424
29.192964172363283
27.691594696044923
28.821047973632812
28.542273902893065
29.52970790863037
28.85789089202881
29.30126037597656
29.878751945495605
30.905802536010743
29.386394500732422
30.355476570129394
30.49375343322754
30.992793464660643
32.554063606262204
31.16324348449707
30.978011703491212
30.980892753601076
31.749898147583007
30.863864517211915
32.445922470092775
31.889382934570314
32.94868793487549
32.908769035339354
32.299668884277345
31.36275119781494
32.682142639160155
33.19740524291992
33.07349033355713
32.94088077545166
33.82629451751709
34.25411052703858
34.40422019958496
33.18928146362305
34.68916625976563
34.65601711273193
36.58598880767822
35.17748527526855
34.18409652709961
33.90694713592529
35.33522548675537
35.5939001083374
36.01071300506592
35.444851875305176
37.02798843383789
36.59869594573975
36.75918006896973
35.993649864196776
36.608927154541014
36.748579788208005
36.19690914154053
38.07235336303711
36.621467399597165
39.376087760925294
37.59657535552979
37.64200782775879
37.732051849365234
36.54981594085693
37.59628601074219
38.532521438598636
37.330202674865724
37.93986892700195
39.298112869262695
38.48577175140381
39.89343204498291
37.97291984558105
40.09617805480957
38.728939819335935
40.389665603637695
39.55178031921387
38.4638391494751
38.77140121459961
38.568020820617676
39.666527557373044
40.05040054321289
41.38700141906738
39.94490718841553
39.92490139007568
40.7884017944336
40.56750221252442
39.933861541748044
41.37855567932129
41.99805908203125
39.17399349212646
40.19032173156738
41.46329574584961
42.012107849121094
41.01103172302246
41.601610565185545
42.158511352539065
40.78256111145019
41.74798355102539
40.46557846069336
43.60452079772949
41.35983428955078
43.25957336425781
43.61027145385742
43.54241237640381
41.857635498046875
43.61888389587402
43.75500221252442
44.933813858032224
42.489301681518555
43.26437072753906
45.139088821411136
43.783717727661134
42.85454788208008
44.58866500854492
44.534244537353516
44.827796173095706
43.03669471740723
44.67653694152832
44.92670593261719
45.084075927734375
44.93388481140137
44.0667106628418
43.29264450073242
44.86671676635742
45.935835647583005
47.10250549316406
46.077030944824216
45.84425048828125
46.178989791870116
46.22289695739746
44.95262413024902
46.006180953979495
46.065517044067384
44.50598564147949
46.194976043701175
47.7686466217041
45.99755783081055
46.524161911010744
47.619157791137695
48.48894729614258
47.27593765258789
48.10223236083984
48.377454376220705
49.204031753540036
48.72491111755371
47.30681686401367
48.7648567199707
47.73045425415039
50.8668758392334
48.570166778564456
49.08368453979492
50.50410270690918
48.87999496459961
49.560052490234376
50.10281829833984
50.71084976196289
49.94920310974121
50.575643920898436
52.56583251953125
50.94637947082519
52.030561447143555
50.94791946411133
51.13123664855957
52.896733093261716
53.44077033996582
53.50180549621582
51.3023021697998
52.0429744720459
52.64418601989746
51.98903350830078
56.25700149536133
53.55008506774902
53.780615615844724
55.10021781921387
54.99099617004394
55.57921867370605
57.56355934143066
55.17778053283691
55.947066116333005
57.214556503295896
56.4612003326416
58.09088401794433
56.602634048461915
56.91104965209961
58.440556335449216
58.13131256103516
57.30078468322754
58.35799865722656
57.94272804260254
61.22019500732422
60.59163856506348
59.34349594116211
59.55904960632324
62.0785831451416
59.95487937927246
62.90154266357422
63.191029739379886
64.07512130737305
64.82326583862304
63.31827278137207
65.44663162231446
65.82210121154785
65.8071231842041
67.72408638000488
65.72946128845214
67.99716377258301
68.79536476135254
68.55181694030762
70.77477073669434
68.60974769592285
70.18405570983887
72.05583152770996
71.75686378479004
73.39828643798828
73.96370010375976
74.19351997375489
73.78595199584962
74.15749855041504
75.7319580078125
77.25813674926758
78.51946716308593
76.07812881469727
83.27980041503906
81.66452026367188
82.5506706237793
80.82708740234375
82.91435241699219
84.68397445678711
85.75430831909179
85.70232620239258
88.7289810180664
90.59829330444336
90.24914932250977
92.49485626220704
94.79584655761718
93.9277328491211
93.02529220581054
95.14216613769531
101.11063842773437
99.5721305847168
99.31839981079102
101.45397872924805
104.64977416992187
106.49509658813477
108.24818115234375
110.20623474121093
112.53886184692382
111.64164352416992
113.92024078369141
117.69576797485351
117.14873504638672
122.91953353881836
120.82604675292968
122.77673721313477
128.6961753845215
129.7798728942871
132.63123474121093
137.83299713134767
134.74868927001953
142.3053985595703
144.39668807983398
144.06863174438476
149.67615661621093
150.33435668945313
156.01682891845704
155.97420196533204
157.28205261230468
160.2450164794922
166.57233428955078
169.0073257446289
171.56979370117188
178.29743347167968
178.8820022583008
183.63668365478514
188.96825408935547
191.67674865722657
194.96502838134765
200.60804138183593
203.84323425292968
208.4727996826172
211.3928955078125
213.42893829345704
217.29651336669923
224.36322784423828
224.71088714599608
230.8774398803711
239.6763427734375
242.2956115722656
246.32094116210936
252.8700164794922
254.85283660888672
259.93702545166013
264.63453369140626
274.24441680908205
274.7298950195312
277.77747802734376
286.65380401611327
289.00106048583984
293.3458740234375
301.6173522949219
302.26246948242186
308.42744140625
318.83727111816404
321.0344940185547
324.34229431152346
333.02162475585936
337.3386688232422
339.76646728515624
341.7977752685547
350.30206909179685
357.6454711914063
363.9504760742187
367.7409423828125
374.6927154541016
380.70045471191406
384.3832489013672
387.62591857910155
392.0996368408203
397.10804443359376
408.2770538330078
413.3732025146484
416.63136291503906
419.46803588867186
426.73351135253904
430.0607971191406
437.7940948486328
440.58002014160155
451.4524627685547
455.0104736328125
456.65842895507814
465.7017486572266
465.4786682128906
475.3606475830078
478.8362640380859
483.7760986328125
484.8207489013672
493.5034515380859
498.05323791503906
503.71607360839846
509.3592132568359
512.8196014404297
515.4520721435547
523.8868438720704
528.6279205322265
532.491259765625
535.29365234375
539.6825744628907
546.1302154541015
548.3853698730469
554.8633483886719
557.0252716064454
561.567041015625
568.5602783203125
575.7478210449219
576.3315063476563
580.8926330566406
586.1960144042969
588.7267700195313
591.3906860351562
596.7593811035156
602.0416137695313
604.4417785644531
609.4110595703125
616.083349609375
618.2469909667968
621.9441589355469
621.8022888183593
629.2641967773437
634.7849792480469
638.2924377441407
641.1723937988281
643.0898010253907
651.3304870605468
651.7418823242188
652.2569519042969
656.6074035644531
663.1989868164062
664.0010681152344
670.9431823730469
672.3849365234375
675.5238647460938
679.7795104980469
683.7386108398438
684.8179931640625
691.3740600585937
689.94443359375
695.3989562988281
697.6470581054688
703.9128112792969
703.5799499511719
707.5332153320312
709.1088562011719
712.4200256347656
714.9224304199219
718.7989074707032
720.0238525390625
725.7815490722656
727.417724609375
731.302734375
731.4632507324219
734.7197631835937
738.18232421875
738.9814086914063
744.0691040039062
745.6412536621094
750.0630126953125
749.3505554199219
752.2514221191407
756.4964660644531
757.9215209960937
760.1138061523437
763.3984313964844
765.5269104003906
767.3965087890625
769.9004333496093
771.2405822753906
774.758935546875
775.0908630371093
777.8004760742188
780.3876342773438
782.9276245117187
786.4734558105469
786.7374145507813
789.9688781738281
793.12373046875
792.9359497070312
796.574462890625
798.1772399902344
799.7841491699219
802.2500305175781
804.1604675292969
805.38447265625
806.7685302734375
809.1800537109375
810.4727416992188
812.5379028320312
814.1896667480469
814.9522277832032
818.3668823242188
820.0857360839843
820.495361328125
822.5358825683594
825.4682434082031
826.3950988769532
828.447265625
830.7643981933594
831.6025695800781
832.2458129882813
834.0296936035156
835.4657165527344
835.5805358886719
838.5138366699218
840.9497253417969
840.6169677734375
842.19423828125
844.4507446289062
845.6872375488281
847.9080322265625
848.6027526855469
849.6200439453125
851.6402954101562
852.9932983398437
854.7181518554687
856.0975708007812
856.3095764160156
859.0545776367187
858.6671203613281
860.8720153808594
861.6028381347656
863.2364624023437
863.1403259277344
865.3814697265625
867.4701599121094
867.4774719238281
867.8336547851562
870.5477172851563
871.2193786621094
872.4501342773438
873.6829528808594
875.2567687988281
875.5299438476562
876.4595947265625
877.0889770507813
878.5235412597656
879.3788696289063
881.3712890625
881.2194946289062
882.3596557617187
883.6727600097656
884.8049621582031
886.1304321289062
886.8885375976563
887.9572814941406
888.7614135742188
889.3406372070312
890.8419616699218
891.9371337890625
892.0680114746094
894.3306335449219
894.1012573242188
895.5154724121094
895.6650695800781
895.9648010253907
898.02734375
898.5960021972656
899.3882568359375
899.9260498046875
900.5012451171875
902.4481323242187
903.1923828125
903.559326171875
904.7699340820312
905.8585327148437
906.0133666992188
906.6477172851562
908.2950866699218
908.7593933105469
908.866357421875
909.8493408203125
910.2984924316406
910.7055725097656
911.7532409667969
912.8138488769531
913.1443969726563
913.7217102050781
914.14970703125
914.7939086914063
916.3741760253906
917.1468505859375
917.8830322265625
918.2267028808594
919.0110290527343
919.4052185058594
919.3965698242188
920.9179992675781
921.4063049316406
922.1466674804688
922.434326171875
923.5613464355469
923.8064270019531
924.7861267089844
924.9571472167969
925.1650451660156
925.9166015625
926.8458740234375
927.55869140625
927.8763122558594
928.1085754394531
928.8930236816407
929.6454956054688
930.1143432617188
930.4042419433594
931.1023132324219
931.5759643554687
932.3106994628906
932.8934509277344
933.472998046875
933.6733642578125
933.9747375488281
934.6373168945313
935.3911193847656
935.8312866210938
936.1010559082031
936.6748901367188
937.0267883300781
937.7304870605469
938.1166748046875
938.7020812988281
939.19580078125
939.5441955566406
939.8333740234375
940.5652954101563
940.9242553710938
941.1877563476562
941.4767395019531
942.2287780761719
942.8066284179688
943.1591369628907
943.3665588378906
944.0925354003906
944.2782958984375
944.3549987792969
945.0029235839844
945.3973022460938
945.7699035644531
946.100341796875
946.6582397460937
947.0686828613282
947.761572265625
947.6884704589844
948.110791015625
948.9065124511719
949.0177307128906
949.3513000488281
949.809716796875
950.0763671875
950.2769653320313
950.7275939941406
951.2921630859375
951.4561645507813
952.0075134277344
952.2935424804688
952.7028137207031
952.92138671875
953.48544921875
953.4317626953125
953.94931640625
954.1966369628906
954.5372985839844
954.8832641601563
955.1773803710937
955.7066345214844
955.7595581054687
955.9593322753906
956.4018676757812
956.7136413574219
957.1357543945312
957.1005859375
957.5384643554687
957.8153930664063
957.9515319824219
958.5539001464844
958.6768615722656
959.2555603027344
959.70458984375
959.7902282714844
960.0161437988281
960.3436157226563
960.3216918945312
960.82724609375
961.1525817871094
961.4156921386718
961.7156005859375
961.7375427246094
962.1630065917968
962.3565734863281
962.4634094238281
962.8258056640625
963.2284301757812
963.1567810058593
963.6508361816407
963.88291015625
964.296533203125
964.6135986328125
964.7511474609375
964.9860473632813
965.0325134277343
965.334228515625
965.5125549316406
965.7364379882813
966.0493591308593
966.4473327636719
966.6324951171875
966.8857055664063
966.9733581542969
967.3481506347656
967.3547607421875
967.7980529785157
968.0828247070312
968.0853393554687
968.3085327148438
968.5299865722657
968.7426818847656
969.0099609375
969.230029296875
969.3853454589844
969.4348937988282
969.7285522460937
969.9920654296875
970.1944458007813
970.4126037597656
970.4990417480469
970.8579528808593
971.0125
971.1795532226563
971.4412475585938
971.3992919921875
971.7019104003906
971.8823791503906
