2.168430972099304
2.2261446714401245
2.242514896392822
2.3191144943237303
2.3634745597839357
2.3345763444900514
2.360706615447998
2.478279876708984
2.5636168241500856
2.527838397026062
2.6642967224121095
2.7117456674575804
2.731225371360779
2.7828304529190064
2.8680773735046388
3.033976984024048
2.9717010736465452
3.0542778253555296
3.090994358062744
3.1380976915359495
3.4627605199813845
3.38442599773407
3.6424177646636964
3.6062752485275267
3.7053486108779907
3.665916657447815
3.903276252746582
3.8065162658691407
3.9912380456924437
4.076377367973327
4.20221061706543
4.296777248382568
4.357797360420227
4.4043478012084964
4.541312837600708
4.661799764633178
4.610664415359497
4.871139097213745
4.823405075073242
4.990820264816284
4.929652070999145
4.987803888320923
5.152288198471069
5.052323865890503
5.266062211990357
5.184560012817383
5.291961622238159
5.484634447097778
5.567684507369995
5.658953666687012
5.522456693649292
5.598106575012207
5.935470962524414
5.899610996246338
5.7837302684783936
5.84542989730835
5.935564041137695
5.869772243499756
6.135148906707764
6.076261949539185
6.075908136367798
6.52681794166565
6.19213080406189
6.4397087574005125
6.331281900405884
6.3238544940948485
6.416030740737915
6.490533494949341
6.472656917572022
6.57941312789917
6.864994621276855
6.7085654735565186
6.936423110961914
6.801961660385132
6.778796195983887
6.8892578125
6.764343166351319
6.984584903717041
6.89981861114502
6.988696098327637
7.055700349807739
7.281914091110229
6.990852165222168
7.155887460708618
7.253143453598023
7.256046485900879
7.508658981323242
7.436063432693482
7.379978179931641
7.300764703750611
7.37957763671875
7.2491871356964115
7.437363052368164
7.649065351486206
7.5132286071777346
7.716498613357544
7.543163871765136
7.532591342926025
7.661552858352661
7.801752328872681
7.9746513843536375
7.853817367553711
7.612877750396729
8.182852840423584
7.950055932998657
8.101413536071778
8.075678157806397
8.401398754119873
8.284159851074218
8.375010347366333
8.057879829406739
8.293908500671387
8.39610996246338
8.30385718345642
8.482068967819213
8.32858853340149
8.43128604888916
8.449967432022095
8.481881999969483
8.515996932983398
8.59066915512085
8.684597778320313
8.593476486206054
8.868917083740234
8.454324197769164
8.542763042449952
8.902175951004029
8.846405792236329
8.93340163230896
8.567248106002808
8.977848720550536
8.80477066040039
9.048477268218994
8.827860832214355
9.005052757263183
9.306715965270996
9.088542270660401
8.557103061676026
8.703398132324219
9.345674800872803
9.286680746078492
9.215715789794922
9.170189905166627
9.13794174194336
9.321148109436034
9.166491985321045
9.230957794189454
9.225378322601319
9.532718849182128
9.178907489776611
9.298293399810792
9.295218563079834
9.135392379760741
9.621896457672118
9.3607497215271
9.343250274658203
9.46015682220459
9.278527784347535
9.592814254760743
9.459939765930176
9.567905139923095
9.529740047454833
9.908687400817872
9.727983665466308
9.491090297698975
9.375178718566895
9.60580759048462
9.617725229263305
9.747231769561768
9.93210220336914
9.790352535247802
10.028492069244384
9.518560886383057
9.823932600021362
9.87309398651123
9.658072566986084
10.288456630706786
10.177771186828613
10.143832206726074
10.000069332122802
9.639026165008545
9.84668197631836
9.820954132080079
9.924322700500488
10.342217350006104
9.988600921630859
9.683444786071778
10.045505046844482
10.010382843017577
9.962046432495118
9.947534465789795
10.36894588470459
9.826706027984619
10.146330165863038
10.010749435424804
9.961076259613037
9.924880123138427
10.232350254058838
10.037173461914062
10.305415534973145
9.95649757385254
10.092395877838134
10.1542818069458
10.110930919647217
10.065454387664795
10.091841983795167
10.47198133468628
10.246958351135254
10.125723934173584
10.622599983215332
9.944064903259278
10.049307823181152
10.30994348526001
10.295602703094483
10.372079277038575
9.96339750289917
10.293579578399658
10.745756816864013
10.381263637542725
10.227394199371338
10.116721725463867
10.534130764007568
10.366149139404296
10.216158676147462
10.007987594604492
10.698568153381348
10.429404830932617
10.509562397003174
10.739413261413574
10.135159587860107
10.69653387069702
11.067853546142578
10.576659202575684
10.277503108978271
10.428167057037353
10.508893775939942
10.574859809875488
10.749210548400878
10.896708869934082
11.032941532135009
10.591687870025634
10.426000785827636
10.574622344970702
10.436372184753418
10.84706745147705
10.303971004486083
10.395354747772217
10.540870761871338
10.872308444976806
10.713150882720948
10.879676818847656
10.880417537689208
10.50520830154419
10.771391773223877
10.824375247955322
10.917415046691895
10.59598512649536
10.932208251953124
10.788389873504638
11.32288761138916
11.009750843048096
11.110579299926759
10.898157596588135
11.125810432434083
10.992674732208252
10.864480876922608
10.758994197845459
11.290802192687988
10.85842809677124
11.121139812469483
11.057813549041748
11.214992427825928
10.98041524887085
11.292500305175782
11.280141830444336
11.527319431304932
11.084140872955322
11.334900379180908
11.656555080413819
11.319550704956054
10.86631212234497
11.544922733306885
11.851264953613281
11.424370765686035
11.356795597076417
11.46036787033081
11.536859130859375
11.94919958114624
11.349915885925293
11.683827018737793
11.720121765136719
11.732866096496583
11.598669719696044
11.93593168258667
11.792787075042725
12.100176334381104
12.1951753616333
11.670483684539795
12.193494033813476
12.078906917572022
11.772140216827392
12.118952465057372
11.65315055847168
12.046584033966065
12.269360637664795
12.357036876678468
12.348649215698241
12.418823623657227
12.443706703186034
12.025903606414795
12.240958118438721
12.033051776885987
12.56723165512085
12.530060386657714
12.682387351989746
12.368337249755859
12.959607028961182
12.980459308624267
12.94650936126709
13.138841533660889
12.657190036773681
13.374185943603516
13.021038436889649
12.985768127441407
12.934361267089844
13.158447456359863
13.462585926055908
13.50787935256958
13.28956651687622
13.442813682556153
13.430636978149414
13.755629825592042
13.683156394958496
13.83128900527954
13.797194385528565
13.63984727859497
14.035096454620362
14.028376007080078
14.856591510772706
14.2893780708313
14.288936424255372
14.6191162109375
14.713130569458007
14.4442063331604
14.863171863555909
15.047729015350342
14.748198509216309
14.943501949310303
14.916645050048828
15.452012825012208
15.578970527648925
15.694899845123292
15.881834125518798
16.243506336212157
15.774066257476807
16.237668228149413
16.372828483581543
16.841489124298096
16.601821899414062
16.890664291381835
16.926965618133544
16.69664535522461
16.564078426361085
17.37596492767334
17.159692192077635
17.474643516540528
17.435340690612794
17.706530952453612
17.689429759979248
18.514700889587402
18.175309944152833
18.76827735900879
19.155129051208498
18.9862398147583
18.961338996887207
19.24132537841797
19.727838897705077
20.00125045776367
19.688234519958495
20.53602867126465
20.377318382263184
21.102791595458985
21.031017303466797
21.52697334289551
21.73760395050049
22.2711462020874
21.732719039916994
22.26852626800537
21.97274169921875
23.3002592086792
23.375786781311035
22.94349536895752
23.449575424194336
24.362312889099123
25.090113639831543
25.44379577636719
25.47935390472412
25.27051239013672
26.02994613647461
26.472258186340333
26.60378246307373
27.484279251098634
27.358907318115236
27.721976661682127
28.468292808532716
28.160265922546387
28.992360305786132
29.3306791305542
30.161946487426757
30.209005737304686
30.731742095947265
31.174010467529296
31.511956787109376
31.768119621276856
32.23712730407715
32.50760726928711
33.498185539245604
33.802150344848634
34.44169998168945
35.1645450592041
35.12757949829101
35.621785736083986
36.31178512573242
36.88663291931152
37.26300239562988
37.62866287231445
38.6957275390625
38.58763580322265
39.07783889770508
39.34877700805664
40.60971794128418
40.686231231689455
41.44084243774414
41.74648094177246
41.87113494873047
43.27528305053711
43.46702499389649
44.160164260864256
44.26740951538086
44.72743797302246
45.32659645080567
46.14075126647949
46.31245803833008
46.72943801879883
46.81464729309082
47.879160690307614
48.35568389892578
48.39896240234375
49.58750839233399
49.9822639465332
50.78834190368652
50.49765205383301
51.196441650390625
51.79534759521484
52.763680648803714
52.52763748168945
52.62001533508301
53.735449600219724
54.3286750793457
54.45439758300781
55.55825500488281
55.55379753112793
55.64729385375976
56.48483505249023
56.716562271118164
56.97241897583008
57.300391387939456
58.29858627319336
58.53336944580078
59.49007148742676
59.65316162109375
59.47351226806641
60.034733581542966
60.786555480957034
60.93827667236328
61.60836524963379
62.328759765625
62.12945899963379
62.874376678466795
62.977830505371095
63.26509094238281
64.22494544982911
64.23252029418946
64.39126853942871
65.8354507446289
65.71343688964843
66.1990592956543
66.13415832519532
66.85678024291992
66.6262451171875
67.40880737304687
67.88984603881836
68.27109603881836
68.0040283203125
68.12601928710937
69.09911270141602
69.42361221313476
69.58457870483399
69.84946365356446
70.42456283569337
70.55690155029296
70.90454788208008
71.32454452514648
71.43542404174805
71.81290283203126
72.04122695922851
72.6047348022461
72.41464691162109
73.02014083862305
73.26985702514648
73.67178268432617
73.8578987121582
73.57603302001954
74.2593620300293
74.38038711547851
74.62234420776367
75.3277572631836
75.52437820434571
75.6264518737793
75.81019134521485
75.9178695678711
76.59718475341796
76.66236267089843
77.00005187988282
77.22315216064453
77.41115036010743
77.15739822387695
77.70114517211914
78.30921859741211
78.02006759643555
78.65739288330079
78.72604751586914
78.72455978393555
79.17841339111328
79.44257125854492
79.43420333862305
79.78371963500976
80.07711486816406
80.30226974487304
80.54410934448242
80.7891731262207
80.73334121704102
80.80961456298829
81.30816345214843
81.37048034667968
81.31479415893554
81.67188415527343
81.49942626953126
81.89490203857422
82.31110305786133
82.40551528930663
82.35919799804688
82.7254020690918
83.05189895629883
83.20020217895508
83.20719604492187
83.5131607055664
83.40635986328125
83.53825073242187
83.90642700195312
84.32379455566407
84.34045486450195
84.3224967956543
84.70853729248047
84.52055282592774
85.05565338134765
84.87545166015624
85.06114349365234
85.12184371948243
85.44786376953125
85.50582275390624
85.74760360717774
85.90058975219726
86.04147644042969
85.94301681518554
86.1962173461914
86.2521354675293
86.54737854003906
86.49647369384766
86.68276901245117
86.71772766113281
86.95437164306641
87.06369171142578
87.0816635131836
87.20967407226563
87.4646842956543
87.68937301635742
87.69129028320313
87.76946640014648
87.91338272094727
87.96784973144531
87.88760375976562
88.2439682006836
88.3460479736328
88.2449234008789
88.66641464233399
88.54381256103515
88.67835235595703
88.70148010253907
88.86753692626954
89.0501220703125
88.97455215454102
89.26631622314453
89.20356369018555
89.43403091430665
89.43586502075195
89.49514389038086
89.81846466064454
89.87060470581055
89.80803070068359
89.98689193725586
90.1119255065918
90.05351028442382
90.09182281494141
90.27218856811524
90.37220458984375
90.36690368652344
90.58967437744141
90.63403701782227
90.66385498046876
90.77378997802734
90.75102386474609
90.88163833618164
90.8473907470703
90.94832153320313
91.14848937988282
91.23106384277344
91.35826950073242
91.37739639282226
91.31818542480468
91.43093414306641
91.57212295532227
91.70661087036133
91.64847183227539
91.73651657104492
91.87020797729492
91.91143035888672
91.95021438598633
92.17174758911133
91.99787979125976
92.19963607788085
92.35389099121093
92.37760772705079
92.38950881958007
92.4562141418457
92.50302581787109
92.61481018066407
92.53629302978516
92.64568405151367
92.72235107421875
92.75957946777343
92.85877914428711
92.90627670288086
92.98442611694335
93.01656951904297
93.1279396057129
93.07618865966796
93.19130401611328
93.23979187011719
93.21070404052735
93.26720581054687
93.45988006591797
93.43019104003906
93.52659454345704
93.61818466186523
93.61956100463867
93.60292129516601
93.81574783325195
93.85584335327148
93.83131866455078
93.91263809204102
94.01622085571289
93.93681945800782
94.04653472900391
94.06906051635742
94.0487777709961
94.17755508422852
94.17897415161133
94.26192626953124
94.24752502441406
94.31374664306641
94.31780471801758
94.2582908630371
94.43311614990235
94.38987655639649
94.58365173339844
94.56282348632813
94.64720840454102
94.60378570556641
94.76222381591796
94.81769943237305
94.8520133972168
94.79923248291016
94.8984390258789
94.86085662841796
94.90602416992188
95.01127014160156
95.01473922729492
95.0567024230957
95.11670608520508
95.13016967773437
95.10351486206055
95.1225814819336
95.20764846801758
95.3317039489746
95.28144149780273
95.38370056152344
95.39322814941406
95.41448364257812
95.49129486083984
95.47717590332032
95.56821212768554
95.5250030517578
95.5778594970703
95.62990264892578
95.64202728271485
95.70684051513672
95.74804306030273
95.75215530395508
95.8205581665039
95.8143325805664
95.84428634643555
95.86854476928711
95.9227394104004
95.90733184814454
95.93352508544922
95.9805519104004
95.96034545898438
96.00100021362304
96.05846786499023
96.09635772705079
96.12848129272462
96.17745513916016
96.16720886230469
96.23087463378906
96.20836486816407
96.2453369140625
96.29142379760742
96.34649429321288
96.34834823608398
96.33946533203125
96.3970443725586
96.42405319213867
96.45506591796875
96.50790100097656
96.47214431762696
96.48948974609375
96.54137496948242
96.57677459716797
96.5706771850586
96.5841781616211
96.61908340454102
96.6524543762207
96.68449020385742
96.70883102416992
96.72529754638671
96.80429153442383
96.77116241455079
96.7956916809082
96.83592376708984
96.85479202270508
96.85270462036132
96.9239631652832
96.9244613647461
96.92154235839844
96.89568252563477
96.96281356811524
96.96414718627929
97.02260131835938
97.06446151733398
97.05300369262696
97.04745254516601
97.0796875
97.0981544494629
97.11263809204101
97.15147018432617
97.14879837036133
97.16485824584962
97.19707336425782
97.23964385986328
97.22107849121093
97.2391845703125
97.25127563476562
97.31696319580078
97.32446517944337
97.31559524536132
97.3321418762207
97.3774543762207
97.41326599121093
97.42751846313476
97.42982864379883
97.44361038208008
97.46493606567383
97.4914680480957
97.49600601196289
97.50013885498046
97.5373321533203
97.51312026977538
97.56289520263672
97.60303268432617
97.60369262695312
97.61619262695312
97.64804534912109
97.58492507934571
97.65422897338867
97.64213409423829
97.68446044921875
97.71797790527344
97.70025329589843
97.7464729309082
97.74584274291992
97.76826934814453
97.79618606567382
97.81357345581054
97.79844436645507
97.81397094726563
97.85187454223633
97.87808456420899
97.85729751586913
97.9116455078125
97.88534240722656
97.90507431030274
97.90752334594727
97.92924499511719
97.93171691894531
97.97449798583985
97.97722473144532
97.98386306762696
98.01019134521485
98.01351928710938
98.04554138183593
98.04083938598633
98.05897598266601
98.05280075073242
98.0612190246582
98.09668273925782
98.09802474975587
98.1068115234375
98.11767501831055
98.15589599609375
98.12694091796875
98.13224945068359
98.17147293090821
98.17604293823243
98.19713821411133
98.21703720092773
98.2087516784668
98.20822219848633
98.25780487060547
98.24910507202148
98.26160430908203
98.23490982055664
98.2947608947754
98.31908569335937
98.2833366394043
98.32297286987304
98.30088119506836
98.32362594604493
98.3430191040039
98.34472351074218
98.36396179199218
98.39720840454102
98.39209289550782
98.41207351684571
98.39462203979492
98.41595458984375
98.41786575317383
98.43314208984376
98.45503387451171
98.46009216308593
98.47875518798828
98.47591705322266
98.4890510559082
98.50857086181641
98.5040054321289
98.50598754882813
98.52559509277344
98.54072265625
98.54389343261718
98.55235977172852
98.5537727355957
98.54128952026367
98.55810012817383
98.58014831542968
98.60078735351563
98.60292129516601
98.59635467529297
98.6212371826172
98.64180145263671
98.63498611450196
98.64333419799804
98.66030349731446
98.67820739746094
98.67705612182617
98.67263412475586
98.6853141784668
98.71037368774414
98.70421295166015
98.72551193237305
98.71567764282227
98.7327278137207
98.7387092590332
98.76171417236328
98.76578292846679
98.73897018432618
98.77664184570312
98.77148361206055
98.78711471557617
98.77331848144532
98.80632247924805
98.78928604125977
98.80640258789063
98.81912689208984
98.81742553710937
98.84312133789062
98.83632431030273
98.85940246582031
98.85067138671874
98.86156921386718
98.87086334228516
98.88164978027343
98.87638931274414
98.88354568481445
98.89978256225587
98.92888565063477
98.90110931396484
98.9046142578125
98.92756576538086
98.93326797485352
98.9271255493164
98.93438110351562
98.95607833862304
98.95694198608399
98.95937652587891
98.96746978759765
98.9795524597168
98.9789321899414
99.0041015625
99.00086212158203
99.00080871582031
99.01173782348633
99.00329208374023
99.00891799926758
99.03605499267579
99.02914047241211
99.0321273803711
99.05121307373047
99.05350494384766
99.05272827148437
99.05813522338867
99.06043701171875
99.06697616577148
99.07222137451171
99.08154220581055
99.0704330444336
99.08514404296875
99.09637832641602
99.08397827148437
99.10741653442383
99.11220779418946
99.11455688476562
99.12213287353515
99.13556213378907
99.1191520690918
99.1462272644043
99.13728561401368
99.14036712646484
99.1578582763672
99.16149215698242
99.16513442993164
99.17513504028321
99.17931442260742
99.18064422607422
99.18557815551758
99.19045944213867
99.19403915405273
99.1968490600586
99.19535980224609
99.1912612915039
99.2062614440918
99.21010513305664
99.22183074951172
99.22755355834961
99.23581237792969
99.23626022338867
99.2423080444336
99.2472053527832
99.24351959228515
99.25230255126954
99.25274810791015
99.25413436889649
99.26689224243164
99.2685920715332
99.26815185546874
99.27035446166992
99.28620834350586
99.29155883789062
99.2834228515625
99.28500900268554
99.2954216003418
