-140.18373107910156
-140.3153076171875
-141.12403869628906
-139.49700927734375
-140.45411682128906
-140.2535858154297
-139.60304260253906
-139.20025634765625
-139.34664916992188
-139.67124938964844
-139.64654541015625
-138.6071014404297
-138.84666442871094
-140.04901123046875
-139.2405242919922
-139.0027618408203
-138.689697265625
-139.32412719726562
-139.13751220703125
-137.59764099121094
-138.48167419433594
-138.9123992919922
-138.28057861328125
-137.27891540527344
-138.60125732421875
-137.10626220703125
-137.43458557128906
-136.72305297851562
-138.63404846191406
-137.45034790039062
-138.66439819335938
-137.1310577392578
-137.07493591308594
-137.0061492919922
-135.92262268066406
-138.30853271484375
-135.8944091796875
-136.97866821289062
-136.0355224609375
-135.909912109375
-136.4152374267578
-136.18057250976562
-136.1046142578125
-136.41050720214844
-136.39044189453125
-135.77938842773438
-136.13494873046875
-136.73155212402344
-134.8987579345703
-134.7301788330078
-135.71710205078125
-135.4241180419922
-135.3679656982422
-134.74456787109375
-135.4744873046875
-135.45587158203125
-134.6845245361328
-134.9886016845703
-135.6194610595703
-133.60084533691406
-134.00384521484375
-133.5990447998047
-135.22482299804688
-134.8325653076172
-133.56727600097656
-135.64698791503906
-134.2335205078125
-134.61367797851562
-134.3660125732422
-132.9863739013672
-134.15992736816406
-133.24649047851562
-134.15728759765625
-133.96994018554688
-133.31358337402344
-133.59861755371094
-134.20289611816406
-134.2403564453125
-133.31471252441406
-133.80694580078125
-133.2390594482422
-134.31820678710938
-132.2981719970703
-132.1956024169922
-134.4087371826172
-132.31793212890625
-132.60659790039062
-132.42288208007812
-132.55274963378906
-134.14788818359375
-134.08026123046875
-132.5240936279297
-132.40565490722656
-132.3651885986328
-132.95144653320312
-132.43374633789062
-131.61309814453125
-132.5955047607422
-132.6785430908203
-132.2103729248047
-130.66152954101562
-133.1567840576172
-131.25723266601562
-131.19239807128906
-132.0171356201172
-132.708251953125
-132.603759765625
-132.42691040039062
-131.0775909423828
-131.67430114746094
-132.16534423828125
-130.53390502929688
-131.5397491455078
-133.03114318847656
-131.00196838378906
-131.74903869628906
-131.59397888183594
