-154.4486083984375
-152.87814331054688
-153.692138671875
-153.96395874023438
-152.55111694335938
-152.14459228515625
-152.43466186523438
-153.9490509033203
-152.59327697753906
-153.5975341796875
-152.98831176757812
-151.53367614746094
-153.18824768066406
-151.40049743652344
-154.46798706054688
-152.21835327148438
-151.40052795410156
-153.29055786132812
-152.0025177001953
-151.2986297607422
-151.82467651367188
-152.09764099121094
-151.46633911132812
-151.57814025878906
-152.3840789794922
-151.66226196289062
-152.50213623046875
-151.52369689941406
-152.27931213378906
-152.19424438476562
-151.80984497070312
-151.0483856201172
-150.82501220703125
-153.07662963867188
-152.84994506835938
-150.45013427734375
-150.47711181640625
-152.8369140625
-148.8861541748047
-151.67044067382812
-152.0338134765625
-150.4499053955078
-151.82456970214844
-150.27650451660156
-149.55218505859375
-151.5377960205078
-151.84457397460938
-149.73178100585938
-149.55850219726562
-150.4906463623047
-149.7275848388672
-149.38226318359375
-149.5713653564453
-150.47549438476562
-149.6357879638672
-151.20652770996094
-148.90386962890625
-150.53411865234375
-149.75900268554688
-148.66326904296875
-150.16024780273438
-148.43099975585938
-149.43545532226562
-148.17910766601562
-149.07208251953125
-149.02027893066406
-148.2879638671875
-150.43736267089844
-147.8539581298828
-148.4876251220703
-149.24424743652344
-148.35525512695312
-149.41648864746094
-146.24423217773438
-148.9267120361328
-148.27076721191406
-147.8107452392578
-148.53453063964844
-148.01466369628906
-148.57481384277344
-147.76150512695312
-147.62232971191406
-148.1353759765625
-148.00119018554688
-148.67901611328125
-147.48756408691406
-147.88885498046875
-149.2864990234375
-146.16368103027344
-148.0656280517578
-146.0673370361328
-147.4009246826172
-146.54461669921875
-148.91783142089844
-148.69131469726562
-145.1940155029297
-146.3686981201172
-146.96200561523438
-146.84024047851562
-147.23133850097656
-146.0669403076172
-144.7406768798828
-147.2254638671875
-146.35464477539062
-147.27476501464844
-147.842041015625
-146.62933349609375
-147.01470947265625
-146.5125732421875
-146.51583862304688
-146.34506225585938
-145.85916137695312
-145.06015014648438
-146.20582580566406
-146.2419891357422
-146.53045654296875
-146.78494262695312
-144.82412719726562
-145.79403686523438
-144.60211181640625
-145.23927307128906
-146.02113342285156
-145.4667510986328
-144.95494079589844
-144.4644775390625
-144.401611328125
-144.3285369873047
-147.11502075195312
-145.80076599121094
-146.3129425048828
-145.99855041503906
-145.46722412109375
-145.01058959960938
-145.70724487304688
-146.97857666015625
-144.69448852539062
-144.92210388183594
-143.41578674316406
-144.12039184570312
-143.7266845703125
-145.06222534179688
-144.2939910888672
-143.3343048095703
-145.6627960205078
-146.23304748535156
-143.93118286132812
-143.9899139404297
-145.23886108398438
-144.25355529785156
-144.0201416015625
-144.16416931152344
-144.34669494628906
-143.96286010742188
-144.8292236328125
-144.86473083496094
-144.24114990234375
-144.1301727294922
-144.07994079589844
-142.31146240234375
-143.86656188964844
-142.78521728515625
-144.0623321533203
-142.95606994628906
-142.98468017578125
-144.1436767578125
-145.33477783203125
-143.62393188476562
-144.7650909423828
-144.29580688476562
-142.74566650390625
-143.28102111816406
-143.50982666015625
-143.4977569580078
-143.497802734375
-143.93292236328125
-144.41888427734375
-142.63751220703125
-142.37265014648438
-142.3384552001953
-142.87257385253906
-142.75521850585938
-143.5887908935547
-143.48851013183594
-143.82037353515625
-143.453857421875
-142.81983947753906
-141.9686279296875
-143.52268981933594
-143.1092529296875
-143.3671417236328
-142.52503967285156
-142.43154907226562
-143.46282958984375
-143.4192352294922
-143.62710571289062
-142.53286743164062
-141.9875946044922
-143.30307006835938
-141.9659423828125
-143.5979766845703
-142.55841064453125
-142.579833984375
-142.2300262451172
-140.4120330810547
-142.17578125
-142.54946899414062
-142.1543426513672
-142.78038024902344
-141.36480712890625
-142.81312561035156
-141.28392028808594
-142.32081604003906
-141.8351593017578
-142.12515258789062
-141.85430908203125
-142.06163024902344
-142.45989990234375
-142.2611083984375
-142.22679138183594
-142.15867614746094
-141.80812072753906
-141.90093994140625
-140.89146423339844
-141.6464385986328
-139.79849243164062
-141.97225952148438
-141.78485107421875
-140.47454833984375
-141.16114807128906
-143.48110961914062
-140.26260375976562
-142.03440856933594
-141.5111846923828
-140.68734741210938
-142.81275939941406
-142.0142822265625
-142.03997802734375
-140.36685180664062
-139.8601837158203
-141.18508911132812
-141.87884521484375
-141.25103759765625
-140.6464385986328
-141.6421356201172
-140.96939086914062
-142.0361785888672
-140.1690216064453
-140.1900634765625
-142.03335571289062
-140.2753143310547
-140.58897399902344
-141.42465209960938
-140.19345092773438
-139.8197784423828
-140.45883178710938
-142.85806274414062
-140.38302612304688
-141.12045288085938
-139.75462341308594
-141.93907165527344
-141.95159912109375
-139.2662811279297
-140.88499450683594
-140.44180297851562
-142.0496826171875
-139.15513610839844
-140.63134765625
-141.6768035888672
-140.1291046142578
-139.61102294921875
-140.11166381835938
-140.30508422851562
-140.8067626953125
-138.47601318359375
-140.47308349609375
-141.13134765625
-141.75936889648438
-139.47618103027344
-140.64263916015625
-139.04544067382812
-140.2963104248047
-141.0954132080078
-139.0117645263672
