12.548327445983887
12.180078506469727
12.182855606079102
12.60565185546875
11.91469955444336
11.68400764465332
11.123910903930664
11.870177268981934
11.706438064575195
11.757013320922852
11.690646171569824
12.155072212219238
12.266809463500977
11.955223083496094
11.246665954589844
11.448753356933594
11.023611068725586
11.578203201293945
11.06424331665039
11.493029594421387
11.547895431518555
11.17685317993164
11.566873550415039
11.747034072875977
11.071489334106445
11.131595611572266
11.418564796447754
11.571113586425781
10.95215129852295
11.395666122436523
10.971402168273926
10.721453666687012
11.447961807250977
10.965271949768066
11.276219367980957
10.963031768798828
11.376364707946777
10.582176208496094
11.204964637756348
11.47127914428711
10.723858833312988
10.739519119262695
11.507851600646973
11.120953559875488
11.014788627624512
10.816388130187988
10.925509452819824
10.161235809326172
10.470141410827637
10.500308990478516
10.82886028289795
10.501653671264648
10.742016792297363
10.529339790344238
10.493967056274414
10.306928634643555
10.397931098937988
10.049297332763672
10.818111419677734
10.45161247253418
9.947781562805176
10.313895225524902
10.425039291381836
10.26205062866211
10.373063087463379
10.646452903747559
10.343789100646973
9.84262466430664
10.182122230529785
10.038209915161133
10.227497100830078
10.227439880371094
10.187085151672363
10.20235824584961
9.856634140014648
9.685327529907227
10.012972831726074
10.049966812133789
9.957815170288086
9.755705833435059
10.101308822631836
9.648390769958496
10.0221529006958
9.522931098937988
9.487771987915039
9.88610553741455
9.779040336608887
9.472196578979492
10.094513893127441
9.669567108154297
9.698128700256348
10.220531463623047
9.088447570800781
9.6914644241333
9.323461532592773
9.343619346618652
9.633158683776855
9.668747901916504
9.008910179138184
9.586114883422852
9.062154769897461
9.577923774719238
9.459616661071777
9.294512748718262
9.43077278137207
9.440099716186523
9.394585609436035
9.094023704528809
9.095917701721191
8.900957107543945
8.917827606201172
8.95711898803711
9.12611198425293
9.083538055419922
8.933599472045898
9.108458518981934
9.023361206054688
9.306687355041504
9.107928276062012
8.79287052154541
8.910634994506836
8.840956687927246
8.85558795928955
8.585307121276855
9.106529235839844
8.666960716247559
8.548392295837402
8.536761283874512
8.955053329467773
8.327354431152344
8.39944839477539
8.791269302368164
8.530552864074707
8.63840103149414
8.676377296447754
9.040057182312012
8.27280044555664
8.289508819580078
8.169695854187012
8.898528099060059
8.696349143981934
8.684715270996094
8.544410705566406
8.365181922912598
8.486418724060059
8.641170501708984
8.159440040588379
8.04818344116211
7.894351005554199
8.408169746398926
8.394858360290527
8.551151275634766
8.264483451843262
8.116144180297852
8.6821928024292
8.067144393920898
7.706606388092041
8.155766487121582
8.092503547668457
7.862131118774414
8.214099884033203
8.123117446899414
7.881927490234375
8.250088691711426
8.406009674072266
7.714077949523926
7.877753257751465
7.7060441970825195
8.101110458374023
8.152359962463379
8.018649101257324
7.910167217254639
7.982513427734375
7.683116436004639
8.093086242675781
7.554286956787109
8.035795211791992
8.153038024902344
7.645573139190674
7.8438029289245605
7.9284257888793945
7.667054653167725
8.098814964294434
7.631428241729736
7.351939678192139
7.617337226867676
7.661410331726074
7.531463146209717
7.875154495239258
7.51395320892334
7.319364547729492
7.680761337280273
7.432005405426025
7.605620861053467
7.833968639373779
7.3623433113098145
7.782828330993652
7.754695892333984
7.505336284637451
7.699728488922119
7.353754997253418
7.0680131912231445
7.398961067199707
7.608381748199463
7.931989669799805
7.635685920715332
7.261929988861084
7.067319869995117
7.577548980712891
6.972635269165039
7.526625156402588
7.1911420822143555
7.228185653686523
7.5835137367248535
7.53311014175415
7.424802303314209
7.000980377197266
7.366929531097412
7.307431221008301
7.138360023498535
7.552304744720459
6.692406177520752
7.559459209442139
6.925154209136963
7.379308700561523
7.301718235015869
7.4548211097717285
6.8909430503845215
7.129878997802734
6.7202019691467285
7.383836269378662
7.1826171875
6.949275970458984
6.922488212585449
6.8996381759643555
7.134532451629639
6.877487659454346
7.179094314575195
6.972275257110596
7.057806015014648
6.9040913581848145
7.322996616363525
6.940185070037842
6.599340915679932
6.779168128967285
7.156896591186523
6.895721912384033
6.661591053009033
6.4114251136779785
7.051018238067627
6.719655990600586
7.16240119934082
6.738884925842285
6.820066452026367
6.524689197540283
6.6835222244262695
6.765210151672363
6.559990406036377
6.794649124145508
6.742315769195557
6.825149059295654
6.6652302742004395
6.571313858032227
6.885168552398682
6.742969512939453
6.656561374664307
6.725660800933838
6.6412739753723145
6.611509323120117
6.699740409851074
6.645386219024658
6.139681816101074
6.811037540435791
6.735090255737305
6.642768383026123
6.432617664337158
6.458459377288818
6.385077476501465
6.387170314788818
6.392526626586914
6.807526111602783
6.491705417633057
6.887030601501465
