28.766212463378906
27.74262046813965
28.65393829345703
29.11922836303711
27.340625762939453
27.934476852416992
27.936264038085938
28.342256546020508
26.83336639404297
26.773378372192383
26.367996215820312
26.37322235107422
26.102441787719727
26.743545532226562
26.052650451660156
25.942829132080078
26.2231502532959
25.59050941467285
26.322580337524414
24.318925857543945
25.246360778808594
24.1418514251709
24.117450714111328
25.124422073364258
23.839406967163086
24.2262020111084
24.266210556030273
24.680234909057617
22.732126235961914
23.648704528808594
22.948974609375
21.944398880004883
23.383407592773438
22.724380493164062
22.177013397216797
21.084657669067383
22.631237030029297
22.15911293029785
20.860336303710938
21.72121810913086
20.691999435424805
21.667482376098633
21.813539505004883
21.820539474487305
22.074575424194336
20.07086944580078
19.75586700439453
19.155868530273438
20.46603012084961
21.035594940185547
20.650684356689453
19.395599365234375
19.781885147094727
19.831398010253906
18.808128356933594
19.343345642089844
19.690998077392578
19.156667709350586
18.973045349121094
18.52613067626953
19.124296188354492
19.131261825561523
17.654396057128906
18.733915328979492
18.257261276245117
17.70211410522461
17.276657104492188
17.587732315063477
17.847705841064453
18.104076385498047
16.60711669921875
17.45152473449707
17.65373992919922
17.503639221191406
16.901517868041992
16.131254196166992
16.7154598236084
16.69451904296875
16.675386428833008
16.444873809814453
16.432666778564453
16.703418731689453
16.538206100463867
16.356056213378906
15.78506088256836
16.62329864501953
15.782341003417969
16.457015991210938
15.497542381286621
15.685253143310547
14.748941421508789
15.485010147094727
15.413106918334961
15.039634704589844
14.856592178344727
15.189949035644531
15.239232063293457
15.24856185913086
15.048967361450195
14.991982460021973
15.65546989440918
14.665008544921875
14.681657791137695
14.87267780303955
15.059365272521973
14.55036735534668
14.296870231628418
14.137493133544922
14.596575736999512
14.167964935302734
14.670432090759277
14.383746147155762
14.499398231506348
14.13808822631836
14.393275260925293
14.579736709594727
14.372851371765137
