-168.94993591308594
-168.05792236328125
-169.7779541015625
-168.61622619628906
-167.79473876953125
-168.1880645751953
-167.53932189941406
-167.54249572753906
-166.18002319335938
-166.44467163085938
-166.01449584960938
-164.98033142089844
-164.9490966796875
-166.7925567626953
-165.29322814941406
-164.94561767578125
-164.91285705566406
-164.9146270751953
-165.46011352539062
-161.91656494140625
-163.7279815673828
-163.05426025390625
-162.39805603027344
-162.4033660888672
-162.44065856933594
-161.33245849609375
-161.70083618164062
-161.4032745361328
-161.3661651611328
-161.09906005859375
-161.6133575439453
-159.07545471191406
-160.45834350585938
-159.7305145263672
-158.09962463378906
-159.39315795898438
-158.52565002441406
-159.13775634765625
-156.8958740234375
-157.6311492919922
-157.1072235107422
-157.84805297851562
-157.91815185546875
-158.23104858398438
-158.46502685546875
-155.85028076171875
-155.8908233642578
-155.8874053955078
-155.3647918701172
-155.76580810546875
-156.36776733398438
-154.81971740722656
-155.14984130859375
-154.57594299316406
-154.2826385498047
-154.7991943359375
-154.3755340576172
-154.14529418945312
-154.592529296875
-152.12696838378906
-153.12815856933594
-152.73031616210938
-152.87916564941406
-153.5664520263672
-151.8245086669922
-153.3490753173828
-151.51016235351562
-152.201416015625
-152.21368408203125
-151.0904541015625
-150.76707458496094
-150.6980438232422
-151.81105041503906
-151.4735870361328
-150.21510314941406
-149.7298583984375
-150.91835021972656
-150.93487548828125
-149.9900665283203
-150.25180053710938
-149.6717071533203
-151.02163696289062
-148.83639526367188
-148.5516357421875
-150.19375610351562
-148.9412384033203
-148.38893127441406
-148.87989807128906
-148.05027770996094
-149.8331298828125
-148.82919311523438
-148.00909423828125
-147.8187713623047
-147.40478515625
-147.80804443359375
-147.6237030029297
-146.8523406982422
-147.84408569335938
-147.72752380371094
-147.20236206054688
-146.31698608398438
-147.82179260253906
-145.93887329101562
-146.06509399414062
-147.07650756835938
-147.25860595703125
-146.90060424804688
-146.56442260742188
-145.67413330078125
-145.8422393798828
-146.83575439453125
-144.91766357421875
-146.0391387939453
-147.16925048828125
-145.39520263671875
-146.32876586914062
-145.96681213378906
