-164.338546753
-160.019577026
-161.009796143
-165.783279419
-166.251373291
-163.160400391
-161.741088867
-161.712097168
-161.25177002
-157.801971436
-161.655181885
-162.193817139
-160.678344727
-163.107208252
-164.066986084
-162.598953247
-167.433929443
-164.96723938
-161.006729126
-163.67288208
-166.922088623
-160.605926514
-163.225097656
-164.322799683
-165.194122314
-165.123260498
-164.13722229
-165.207870483
-167.167358398
-167.126464844
-165.224761963
-163.674850464
-168.062774658
-165.973403931
-169.053634644
-162.325912476
-166.828414917
-163.508255005
-167.75038147
-162.324920654
-168.733062744
-167.690124512
-165.470169067
-166.14074707
-160.446411133
-167.556854248
-167.321151733
-168.915313721
-166.909698486
-163.938995361
-168.000289917
-164.235290527
-171.687759399
-170.681182861
-164.076049805
-167.448043823
-168.246551514
-165.726028442
-166.389831543
-166.449829102
-172.285690308
-167.105499268
-169.32723999
-169.976089478
-169.765655518
-168.264968872
-166.400115967
-174.078033447
-166.866592407
-167.251434326
-171.390655518
-178.359664917
-170.50289917
-173.454147339
-165.258743286
-174.585845947
-172.501983643
-170.568023682
-168.78578186
-173.557067871
-168.424285889
-172.471725464
-175.740646362
-168.498245239
-168.070388794
-171.653411865
-172.899810791
-175.258361816
-169.007171631
-171.3621521
-173.034835815
-168.21736145
-173.459533691
-172.608688354
-174.540039062
-179.875717163
-179.561248779
-173.260620117
-173.272354126
-176.235183716
-172.772094727
-172.729492188
-173.508422852
-173.1693573
-173.38117981
-176.200912476
-174.798370361
-172.142623901
-174.113525391
-183.606536865
-177.341629028
-179.063842773
-173.488128662
-180.814331055
-175.355987549
-175.460174561
-173.478607178
-175.350357056
-181.697860718
-178.5756073
-179.933517456
-178.404464722
-178.248855591
-170.340042114
-181.953155518
-176.475189209
-176.723602295
-176.8487854
-175.281204224
-179.160644531
-176.689697266
