-275.891601562
-279.501922607
-283.974609375
-291.481109619
-313.785430908
-287.750732422
-293.848968506
-272.017486572
-258.498443604
-276.270019531
-297.281982422
-299.194793701
-301.898803711
-275.898223877
-274.09942627
-282.417236328
-227.146743774
-272.807159424
-298.097900391
-297.507324219
-311.615875244
-313.526275635
-313.317749023
-293.372711182
-271.211791992
-289.5284729
-303.083953857
-310.877593994
-291.186798096
-293.708282471
-296.040924072
-251.274627686
-325.93560791
-311.756988525
-287.854827881
-300.31628418
-293.804626465
-305.498687744
-299.326202393
-300.030578613
-283.78503418
-310.432250977
-303.372558594
-276.932922363
-337.934783936
-256.55480957
-298.577484131
-267.726867676
-306.144989014
-251.627487183
-308.856872559
-306.908081055
-307.372711182
-277.371917725
-306.965515137
-274.375793457
-264.176635742
-257.440002441
-273.52142334
-298.917053223
-256.586761475
-313.157226562
-271.66003418
-318.977874756
-285.877471924
-288.884521484
-278.731231689
-283.167053223
-275.474365234
-308.39730835
-269.698638916
-279.027618408
-289.278106689
-301.107299805
-268.059936523
-265.438079834
-277.502471924
-275.418151855
-274.921051025
-292.570678711
-273.230957031
-300.011230469
-303.045837402
-312.237609863
-281.2706604
-266.10043335
-293.602539062
-352.851837158
-267.032623291
-295.648925781
-288.363983154
-300.176147461
-263.225372314
-299.876190186
-262.077392578
-277.380218506
-315.247680664
-287.022186279
-255.974411011
-307.197021484
-277.950775146
-299.704620361
-283.52633667
-254.530532837
-283.801361084
-258.880065918
-272.252380371
-284.923736572
-292.963592529
-350.187713623
-247.721679688
-277.716949463
-298.378967285
-270.391998291
-297.247039795
-318.258605957
-291.405822754
-260.929290771
-256.743530273
-318.705627441
-286.583404541
-286.365966797
-270.237976074
-326.344024658
-304.068756104
-301.800140381
-320.932403564
-316.482757568
-270.427429199
-311.531433105
-279.66293335
-281.019256592
-284.443023682
-325.953277588
-305.714447021
-295.234375
-323.841705322
-273.589172363
-299.625183105
-302.140411377
-247.863998413
-298.347900391
-294.426513672
-295.846496582
-316.676452637
-313.789886475
-258.288360596
-279.113037109
-278.394134521
-290.597595215
-322.4503479
-311.735839844
-297.092407227
-309.148406982
-341.456207275
-309.657958984
-300.958068848
-258.447875977
-277.693725586
-268.057189941
-282.991027832
-304.009643555
-285.557220459
-313.673492432
-263.972351074
-281.69241333
-340.00769043
-295.073883057
-321.483215332
-300.359558105
-315.053619385
-292.857788086
-271.282531738
-241.27041626
-305.066925049
-303.588043213
-309.473052979
-283.164306641
-251.505752563
-315.278198242
-285.499450684
-319.691955566
-329.731658936
-309.963104248
-325.799682617
-346.853790283
-330.416534424
-304.784759521
-275.562072754
-246.654708862
-278.768035889
-272.620910645
-264.862884521
-280.916992188
-303.205963135
-289.603820801
-297.769165039
-286.752288818
-256.590301514
-310.752258301
