0.214559748769
0.230508625507
0.197438880801
0.244901016355
0.199013903737
0.194928586483
0.210688397288
0.195832550526
0.204500451684
0.19084405899
0.204543456435
0.204899027944
0.298328280449
0.220504537225
0.170358777046
0.17036961019
0.203695356846
0.201618656516
0.223132327199
0.194005742669
0.175854071975
0.180477559566
0.229764044285
0.211442381144
0.237740010023
0.26791742444
0.229412838817
0.212481126189
0.214896351099
0.276920288801
0.241365507245
0.221021905541
0.269152343273
0.191800951958
0.206120222807
0.331039965153
0.290217131376
0.219915226102
0.26936763525
0.224150568247
0.209567189217
0.195595532656
0.216680347919
0.222964957356
0.210640817881
0.28492808342
0.239827975631
0.249143764377
0.235319629312
0.220083758235
0.285443753004
0.217114195228
0.253100216389
0.265339314938
0.261006563902
0.203955739737
0.224998027086
0.29479598999
0.206490173936
0.209959179163
0.183317124844
0.252771168947
0.187039852142
0.214105978608
0.216916486621
0.242075011134
0.211685359478
0.206670999527
0.301617026329
0.268292754889
0.211517199874
0.298406243324
0.22250546515
0.242281243205
0.264714181423
0.240683957934
0.231156334281
0.239608004689
0.228246033192
0.252987354994
0.281517595053
0.296746075153
0.222449660301
0.229753538966
0.24091526866
0.206119850278
0.228747844696
0.243598535657
0.24264100194
0.195031046867
0.241505071521
0.215224117041
0.273660600185
0.224240928888
0.248624458909
0.250165700912
0.262284308672
0.198895275593
0.267612457275
0.231593668461
0.203980118036
0.219379708171
0.231466248631
0.254883289337
0.284992963076
0.204033479095
0.244234696031
0.214034199715
0.256825178862
0.194968774915
0.262525677681
0.24417963624
0.267572879791
0.244347214699
0.306785941124
0.241649910808
0.241427779198
0.248569577932
0.218626394868
0.241707235575
0.235429540277
0.195464164019
0.218534171581
0.264069616795
0.24907784164
0.248854577541
0.299437850714
0.232207208872
0.415512502193
0.254519999027
0.236542746425
0.255967855453
0.281539976597
0.216101542115
0.242683619261
0.230559185147
0.247109085321
0.231919527054
0.229833438993
0.220414325595
0.249134331942
0.225336611271
0.21723048389
0.194901943207
0.24402615428
0.232276007533
0.219239965081
0.233824834228
0.249506726861
0.242748960853
0.250871151686
0.222577482462
0.20387519896
0.231577396393
0.295013904572
0.28249886632
0.272567272186
0.251471012831
0.197832077742
0.28854739666
0.19867362082
0.248136654496
0.262992888689
0.25153324008
0.220204979181
0.318423271179
0.216004744172
0.246903017163
0.22265201807
0.207133769989
0.251542389393
0.24184936285
0.210917726159
0.195996820927
0.2421220541
0.227885395288
0.205688342452
0.280597656965
0.25066831708
0.210094511509
0.242573305964
0.232539102435
0.31397163868
0.293282359838
0.22907435894
0.231234282255
0.21969909966
0.284939676523
0.230099886656
0.212486773729
0.227020993829
0.216336905956
0.262551397085
0.279852718115
0.253069281578
0.223487317562
0.223602578044
0.336045473814
0.243548840284
0.205488339067
