14.3031616211
13.3210754395
13.1663131714
14.5406827927
15.1760511398
14.5994062424
15.3858232498
14.5188932419
14.7777347565
13.5967607498
14.7919769287
15.079750061
14.3711719513
13.8360137939
14.9427089691
15.3955411911
15.2242307663
14.2053050995
15.8325519562
15.6003932953
14.3888750076
13.61165905
15.0793685913
15.3917722702
15.7988080978
14.1368618011
15.6291074753
15.5516357422
15.9192180634
15.1296644211
15.2345304489
15.5922727585
14.8112411499
15.712931633
15.1260223389
16.5328502655
15.393655777
15.5656690598
15.7542133331
15.7653551102
15.1858110428
16.2114830017
15.2649765015
16.6298713684
16.4066238403
14.9059171677
15.7990398407
15.6139173508
17.437040329
16.5942878723
16.1397743225
17.1397132874
16.2944698334
16.8413391113
17.5638160706
15.4539928436
16.7153167725
15.1683835983
14.3911409378
16.9706306458
17.1085205078
17.1663703918
15.0922031403
17.0469837189
16.1262130737
16.82746315
16.9337387085
17.802280426
15.6630964279
17.1541175842
16.0023460388
16.5154762268
17.2885417938
17.2719612122
16.7750606537
17.6310653687
17.4171466827
17.2759971619
17.2660255432
17.7233581543
16.9391078949
17.3031368256
17.8408737183
18.4036750793
16.9781723022
16.9892578125
17.4321479797
17.5981330872
18.085811615
16.7547130585
16.8891181946
18.2131671906
16.9724273682
18.3375797272
17.4326381683
18.3381633759
17.4491634369
16.7859535217
18.953212738
18.0242042542
16.8820571899
16.7614974976
17.8833560944
19.2372989655
19.7896823883
16.8065299988
17.5399589539
17.8397865295
17.3818321228
18.1980991364
17.9142017365
17.3180179596
17.5227680206
16.4954681396
17.2186813354
18.9855880737
18.7701683044
16.6140937805
18.0346775055
19.5090370178
19.0941848755
16.648267746
18.3158245087
18.081495285
17.5941066742
18.6324596405
19.8071136475
19.963602066
19.3063926697
18.0065174103
18.8386859894
